"Fecha","Cierre","Apertura","Máximo","Mínimo","Vol.","% var."
"04.02.2021","19.690","19.200","19.740","19.070","2.21M","3.09%"
"03.02.2021","19.100","18.980","19.310","18.550","4.42M","0.47%"
"02.02.2021","19.010","18.920","19.300","18.910","4.04M","3.99%"
"29.01.2021","18.280","18.600","18.870","18.140","6.04M","-3.38%"
"28.01.2021","18.920","18.800","19.150","18.710","2.89M","-0.47%"
"27.01.2021","19.010","18.910","19.120","18.600","2.28M","-1.71%"
"26.01.2021","19.340","19.280","19.430","18.900","3.91M","1.42%"
"25.01.2021","19.070","19.330","19.330","18.660","3.89M","-0.78%"
"22.01.2021","19.220","19.450","19.450","19.050","2.25M","-1.33%"
"21.01.2021","19.480","20.580","20.600","19.380","4.84M","-4.74%"
"20.01.2021","20.450","20.220","20.510","19.780","2.90M","2.05%"
"19.01.2021","20.040","21.000","21.000","19.900","3.54M","-4.02%"
"18.01.2021","20.880","20.470","20.990","20.470","4.02M","1.66%"
"15.01.2021","20.540","20.460","20.810","20.330","1.69M","-0.53%"
"14.01.2021","20.650","20.870","20.910","20.520","4.07M","-0.43%"
"13.01.2021","20.740","20.700","21.220","20.270","1.83M","0.14%"
"12.01.2021","20.710","20.870","21.370","20.210","12.34M","-0.77%"
"11.01.2021","20.870","20.680","21.060","20.160","11.13M","1.26%"
"08.01.2021","20.610","20.900","21.100","20.520","5.42M","-0.91%"
"07.01.2021","20.800","20.440","21.000","20.370","5.02M","3.02%"
"06.01.2021","20.190","20.410","20.810","20.110","4.71M","-0.20%"
"05.01.2021","20.230","20.980","21.110","19.860","3.03M","-2.83%"
"04.01.2021","20.820","20.140","21.300","20.130","1.22M","3.79%"
"31.12.2020","20.060","21.210","21.210","19.810","1.70M","-5.38%"
"30.12.2020","21.200","21.260","21.600","20.720","1.71M","-0.28%"
"29.12.2020","21.260","20.690","21.600","20.560","1.87M","2.90%"
"28.12.2020","20.660","20.230","20.700","19.780","810.24K","2.13%"
"24.12.2020","20.230","19.950","20.420","19.750","332.15K","1.45%"
"23.12.2020","19.940","19.260","20.160","19.000","1.18M","5.00%"
"22.12.2020","18.990","19.960","20.260","18.900","2.06M","-5.94%"
"21.12.2020","20.190","19.700","20.410","19.210","1.19M","2.85%"
"18.12.2020","19.630","20.010","20.590","19.320","8.70M","-2.05%"
"17.12.2020","20.040","20.110","20.460","19.830","3.07M","-1.52%"
"16.12.2020","20.350","19.800","20.400","19.720","1.57M","3.62%"
"15.12.2020","19.640","20.700","20.710","19.540","1.49M","-3.87%"
"14.12.2020","20.430","20.080","20.710","19.870","2.82M","2.41%"
"11.12.2020","19.950","20.020","20.180","19.740","3.77M","0.05%"
"10.12.2020","19.940","20.170","20.300","19.810","3.68M","0.35%"
"09.12.2020","19.870","19.960","20.190","19.560","3.31M","0.15%"
"08.12.2020","19.840","19.890","20.010","19.490","5.44M","-0.85%"
"07.12.2020","20.010","20.350","20.360","19.770","2.88M","-1.91%"
"04.12.2020","20.400","20.600","21.000","20.310","5.97M","-0.73%"
"03.12.2020","20.550","19.750","20.710","19.700","2.79M","3.32%"
"02.12.2020","19.890","20.010","20.490","19.630","3.20M","0.30%"
"01.12.2020","19.830","19.990","20.730","19.640","2.81M","0.51%"
"30.11.2020","19.730","20.200","20.210","19.330","11.21M","-2.38%"
"27.11.2020","20.210","20.340","20.390","19.770","1.16M","1.20%"
"26.11.2020","19.970","19.950","20.070","19.600","2.34M","-0.50%"
"25.11.2020","20.070","20.320","20.390","19.500","1.96M","-0.99%"
"24.11.2020","20.270","19.210","20.480","19.110","4.51M","7.08%"
"23.11.2020","18.930","19.050","19.180","18.900","1.87M","0.05%"
"20.11.2020","18.920","19.090","19.250","18.810","2.07M","-0.79%"
"19.11.2020","19.070","19.890","19.910","18.900","3.70M","-3.98%"
"18.11.2020","19.860","18.990","20.190","18.840","4.75M","5.86%"
"17.11.2020","18.760","19.000","19.210","18.670","3.21M","-1.47%"
"13.11.2020","19.040","18.900","19.130","18.560","3.25M","1.76%"
"12.11.2020","18.710","17.900","18.890","17.890","5.97M","4.47%"
"11.11.2020","17.910","17.850","17.940","17.610","7.12M","0.11%"
"10.11.2020","17.890","16.840","17.920","16.800","5.87M","7.19%"
"09.11.2020","16.690","16.900","17.270","16.410","10.72M","1.71%"
"06.11.2020","16.410","16.110","16.440","16.080","2.67M","1.80%"
"05.11.2020","16.120","15.890","16.370","15.720","3.73M","2.74%"
"04.11.2020","15.690","15.360","15.900","15.360","2.43M","0.84%"
"03.11.2020","15.560","15.710","16.200","15.450","3.25M","-0.95%"
"30.10.2020","15.710","15.360","15.780","15.160","11.47M","2.28%"
"29.10.2020","15.360","15.660","15.670","15.050","2.19M","-1.85%"
"28.10.2020","15.650","16.190","16.390","15.400","3.73M","-4.69%"
"27.10.2020","16.420","17.050","17.050","16.160","3.20M","-4.09%"
"26.10.2020","17.120","17.000","17.180","16.780","2.69M","0.88%"
"23.10.2020","16.970","17.090","17.110","16.870","3.62M","-0.35%"
"22.10.2020","17.030","17.020","17.210","16.850","4.18M","-1.33%"
"21.10.2020","17.260","17.200","17.380","17.130","2.91M","0.58%"
"20.10.2020","17.160","16.640","17.300","16.640","2.34M","3.13%"
"19.10.2020","16.640","16.800","16.930","16.530","1.45M","-0.78%"
"16.10.2020","16.770","17.320","17.450","16.530","2.25M","-2.95%"
"15.10.2020","17.280","17.550","17.800","17.140","2.04M","-1.59%"
"14.10.2020","17.560","17.610","17.970","17.400","3.66M","-0.51%"
"13.10.2020","17.650","18.000","18.030","17.500","1.84M","-1.73%"
"12.10.2020","17.960","17.960","18.210","17.690","2.54M","-0.06%"
"09.10.2020","17.970","17.900","18.500","17.800","883.89K","0.50%"
"08.10.2020","17.880","17.350","17.980","17.340","4.77M","2.70%"
"07.10.2020","17.410","17.170","17.500","17.170","2.29M","1.99%"
"06.10.2020","17.070","16.470","17.160","16.350","1.69M","4.21%"
"05.10.2020","16.380","16.920","17.250","16.150","4.57M","-2.67%"
"02.10.2020","16.830","16.550","17.250","16.530","2.52M","0.54%"
"01.10.2020","16.740","17.240","17.240","16.570","1.98M","-2.84%"
"30.09.2020","17.230","16.700","17.500","16.700","5.51M","3.24%"
"29.09.2020","16.690","16.340","16.900","16.050","1.83M","1.15%"
"28.09.2020","16.500","16.040","16.630","15.530","2.26M","4.36%"
"25.09.2020","15.810","15.470","16.200","15.110","2.10M","2.07%"
"24.09.2020","15.490","15.580","16.190","15.260","7.66M","-0.58%"
"23.09.2020","15.580","15.180","15.670","14.750","3.84M","2.91%"
"22.09.2020","15.140","14.720","15.320","14.650","5.68M","2.16%"
"21.09.2020","14.820","14.900","15.070","14.580","1.56M","-1.33%"
"18.09.2020","15.020","15.000","15.410","14.620","9.58M","-0.27%"
"17.09.2020","15.060","14.530","15.280","14.400","2.82M","2.73%"
"15.09.2020","14.660","14.920","15.110","14.490","1.93M","-1.08%"
"14.09.2020","14.820","15.060","15.360","14.640","1.88M","-0.54%"
"11.09.2020","14.900","15.170","15.480","14.610","2.72M","-1.78%"
"10.09.2020","15.170","15.460","15.500","15.050","1.25M","-1.49%"
"09.09.2020","15.400","15.670","15.710","15.300","1.14M","-0.19%"
"08.09.2020","15.430","15.920","16.090","15.230","2.70M","-3.62%"
"07.09.2020","16.010","15.920","16.110","15.920","313.87K","0.95%"
"04.09.2020","15.860","15.900","16.130","15.550","1.57M","0.89%"
"03.09.2020","15.720","16.280","16.280","15.640","2.21M","-2.60%"
"02.09.2020","16.140","16.610","16.700","16.080","1.86M","-2.60%"
"01.09.2020","16.570","16.010","16.850","15.910","2.77M","3.50%"
"31.08.2020","16.010","16.800","16.800","15.700","6.99M","-5.71%"
"28.08.2020","16.980","16.890","17.100","16.760","1.38M","0.30%"
"27.08.2020","16.930","16.950","17.060","16.600","2.73M","-0.12%"
"26.08.2020","16.950","17.130","17.130","16.900","2.82M","-0.53%"
"25.08.2020","17.040","17.010","17.270","17.000","2.39M","0.18%"
"24.08.2020","17.010","17.120","17.210","17.010","2.74M","0.00%"
"21.08.2020","17.010","17.120","17.290","16.840","1.67M","-0.64%"
"20.08.2020","17.120","17.610","17.610","17.030","912.63K","-3.44%"
"19.08.2020","17.730","17.720","17.940","17.510","2.26M","-0.84%"
"18.08.2020","17.880","17.300","18.100","17.020","2.24M","3.11%"
"17.08.2020","17.340","16.980","17.500","16.700","2.07M","0.93%"
"14.08.2020","17.180","16.560","17.280","16.560","1.96M","3.43%"
"13.08.2020","16.610","16.340","16.650","16.080","1.21M","1.65%"
"12.08.2020","16.340","16.600","16.650","16.210","1.07M","-1.27%"
"11.08.2020","16.550","16.310","16.580","16.210","1.56M","3.31%"
"10.08.2020","16.020","16.260","16.470","15.960","794.86K","-1.23%"
"07.08.2020","16.220","16.010","16.290","15.850","1.03M","1.25%"
"06.08.2020","16.020","15.720","16.090","15.620","1.46M","0.95%"
"05.08.2020","15.870","15.800","16.500","15.010","2.19M","0.76%"
"04.08.2020","15.750","15.800","15.990","15.630","1.56M","0.13%"
"03.08.2020","15.730","16.130","16.130","15.610","2.09M","-1.63%"
"31.07.2020","15.990","15.920","16.190","15.290","2.73M","0.88%"
"30.07.2020","15.850","15.890","15.890","15.650","1.26M","-1.06%"
"29.07.2020","16.020","15.850","16.090","15.800","1.52M","-0.31%"
"28.07.2020","16.070","16.300","16.490","15.900","1.01M","-0.50%"
"27.07.2020","16.150","15.870","16.290","15.560","1.50M","1.32%"
"24.07.2020","15.940","15.820","16.040","15.510","657.03K","1.14%"
"23.07.2020","15.760","15.600","15.930","15.450","936.31K","0.90%"
"22.07.2020","15.620","15.550","15.690","15.500","1.07M","0.71%"
"21.07.2020","15.510","15.810","16.100","15.300","2.53M","-2.21%"
"20.07.2020","15.860","15.380","16.080","15.190","5.10M","3.46%"
"17.07.2020","15.330","15.450","15.550","15.180","2.09M","-0.84%"
"16.07.2020","15.460","15.350","15.600","15.210","2.52M","0.72%"
"15.07.2020","15.350","15.680","15.760","15.290","2.85M","-1.54%"
"14.07.2020","15.590","15.300","15.890","15.060","2.51M","1.76%"
"13.07.2020","15.320","15.550","16.100","15.250","2.75M","-1.79%"
"10.07.2020","15.600","15.730","15.730","15.520","2.22M","-1.27%"
"09.07.2020","15.800","16.020","16.070","15.650","1.99M","-1.31%"
"08.07.2020","16.010","16.110","16.120","15.920","3.11M","0.13%"
"07.07.2020","15.990","15.890","16.280","15.830","1.75M","-0.19%"
"06.07.2020","16.020","16.280","16.450","15.600","1.69M","-0.93%"
"03.07.2020","16.170","16.000","16.200","16.000","229.27K","1.06%"
"02.07.2020","16.000","16.350","16.650","15.900","2.55M","-0.50%"
"01.07.2020","16.080","15.900","16.180","15.770","1.65M","0.82%"
"30.06.2020","15.950","16.470","16.540","15.800","3.19M","-3.27%"
"29.06.2020","16.490","16.520","16.930","16.260","2.06M","-0.18%"
"26.06.2020","16.520","16.500","16.980","16.440","1.52M","-0.48%"
"25.06.2020","16.600","16.590","16.690","16.550","2.59M","-0.60%"
"24.06.2020","16.700","17.120","17.120","16.250","5.02M","-3.91%"
"23.06.2020","17.380","17.670","17.990","17.300","2.02M","-1.08%"
"22.06.2020","17.570","17.590","18.000","17.520","968.74K","-0.11%"
"19.06.2020","17.590","17.080","17.970","16.720","17.97M","4.58%"
"18.06.2020","16.820","17.390","17.390","16.770","2.29M","-3.61%"
"17.06.2020","17.450","17.000","17.500","16.980","1.48M","2.65%"
"16.06.2020","17.000","17.270","17.420","16.740","3.90M","0.00%"
"15.06.2020","17.000","16.290","17.180","15.950","2.72M","3.60%"
"12.06.2020","16.410","16.310","16.500","16.180","2.44M","1.93%"
"11.06.2020","16.100","16.650","16.660","15.800","5.87M","-6.18%"
"10.06.2020","17.160","18.350","18.350","17.080","3.64M","-6.74%"
"09.06.2020","18.400","19.010","19.010","18.290","4.79M","-4.17%"
"08.06.2020","19.200","18.480","19.290","18.050","4.66M","5.96%"
"05.06.2020","18.120","17.660","18.450","17.630","2.58M","3.13%"
"04.06.2020","17.570","18.090","18.100","17.120","3.02M","-2.61%"
"03.06.2020","18.040","17.010","18.690","16.990","4.16M","5.99%"
"02.06.2020","17.020","15.800","17.060","15.580","3.75M","8.27%"
"01.06.2020","15.720","15.350","15.800","14.860","2.56M","3.42%"
"29.05.2020","15.200","14.980","15.300","14.660","9.85M","1.67%"
"28.05.2020","14.950","15.280","15.290","14.660","2.53M","-2.16%"
"27.05.2020","15.280","14.850","15.300","14.560","3.39M","3.31%"
"26.05.2020","14.790","14.580","14.890","14.460","2.68M","2.35%"
"25.05.2020","14.450","14.300","14.620","14.200","517.62K","0.35%"
"22.05.2020","14.400","13.990","14.500","13.750","1.05M","3.52%"
"21.05.2020","13.910","14.350","14.500","13.700","1.90M","-3.40%"
"20.05.2020","14.400","13.740","14.490","13.520","2.07M","6.27%"
"19.05.2020","13.550","14.360","14.660","13.460","2.84M","-6.42%"
"18.05.2020","14.480","14.300","14.720","14.300","3.02M","2.04%"
"15.05.2020","14.190","14.420","14.500","14.070","1.62M","-2.27%"
"14.05.2020","14.520","14.540","14.790","14.250","1.96M","-0.62%"
"13.05.2020","14.610","15.470","15.470","14.430","3.76M","-5.50%"
"12.05.2020","15.460","14.930","15.700","14.930","6.94M","3.83%"
"11.05.2020","14.890","14.550","15.080","14.350","3.44M","2.41%"
"08.05.2020","14.540","14.490","14.940","14.460","4.13M","1.68%"
"07.05.2020","14.300","14.830","14.870","14.240","3.33M","-2.85%"
"06.05.2020","14.720","14.990","15.000","14.500","2.17M","-1.21%"
"05.05.2020","14.900","14.650","14.990","14.570","5.88M","2.05%"
"04.05.2020","14.600","14.470","14.740","14.180","3.64M","0.69%"
"30.04.2020","14.500","15.200","15.380","14.190","5.28M","-4.98%"
"29.04.2020","15.260","15.250","15.500","15.140","2.89M","2.14%"
"28.04.2020","14.940","14.730","15.330","14.480","5.91M","1.22%"
"27.04.2020","14.760","15.220","15.320","14.480","3.14M","-1.80%"
"24.04.2020","15.030","15.010","15.290","14.750","33.88M","1.21%"
"23.04.2020","14.850","15.540","15.540","14.750","2.80M","-4.01%"
"22.04.2020","15.470","15.730","15.830","15.440","2.08M","-0.13%"
"21.04.2020","15.490","15.550","15.650","15.440","1.06M","-1.65%"
"20.04.2020","15.750","15.830","16.030","15.650","1.28M","-1.87%"
"17.04.2020","16.050","16.130","16.640","15.890","2.11M","0.44%"
"16.04.2020","15.980","16.390","16.910","15.830","6.04M","-3.56%"
"15.04.2020","16.570","16.960","17.190","16.340","5.77M","-3.44%"
"14.04.2020","17.160","17.070","17.690","17.000","3.57M","2.14%"
"13.04.2020","16.800","17.090","17.090","16.690","727.51K","-0.06%"
"08.04.2020","16.810","16.910","17.000","16.400","4.71M","-0.06%"
"07.04.2020","16.820","16.850","17.000","16.410","3.81M","1.94%"
"06.04.2020","16.500","16.670","17.120","16.020","4.29M","1.79%"
"03.04.2020","16.210","16.630","16.760","16.010","2.80M","-2.64%"
"02.04.2020","16.650","16.590","17.500","15.800","2.88M","1.96%"
"01.04.2020","16.330","16.510","16.950","16.150","2.18M","-4.17%"
"31.03.2020","17.040","16.370","18.400","16.290","5.93M","4.67%"
"30.03.2020","16.280","16.500","16.680","15.660","1.67M","-1.27%"
"27.03.2020","16.490","17.480","17.480","16.130","2.07M","-7.83%"
"26.03.2020","17.890","16.630","20.490","16.630","2.38M","8.16%"
"25.03.2020","16.540","15.430","17.750","14.530","2.30M","7.68%"
"24.03.2020","15.360","14.200","16.500","14.200","3.99M","9.87%"
"23.03.2020","13.980","16.200","16.530","13.250","2.49M","-15.63%"
"20.03.2020","16.570","18.300","18.430","16.500","14.74M","-9.11%"
"19.03.2020","18.230","18.800","18.800","17.000","3.54M","-2.88%"
"18.03.2020","18.770","20.030","20.550","18.270","2.61M","-7.49%"
"17.03.2020","20.290","18.320","20.500","16.640","6.28M","6.40%"
"13.03.2020","19.070","17.860","19.430","17.860","3.63M","8.23%"
"12.03.2020","17.620","18.480","18.500","16.420","7.38M","-6.67%"
"11.03.2020","18.880","19.190","19.430","18.750","2.13M","-3.58%"
"10.03.2020","19.580","19.140","19.780","18.330","3.08M","5.78%"
"09.03.2020","18.510","19.700","19.700","18.240","3.94M","-6.52%"
"06.03.2020","19.800","20.500","20.500","19.670","4.29M","-4.76%"
"05.03.2020","20.790","21.360","21.750","20.750","2.47M","-3.17%"
"04.03.2020","21.470","21.090","21.490","21.000","1.64M","2.73%"
"03.03.2020","20.900","21.070","22.000","20.670","6.64M","-0.81%"
"02.03.2020","21.070","20.970","21.340","20.600","6.64M","-0.24%"
"28.02.2020","21.120","20.300","22.000","18.380","11.32M","2.38%"
"27.02.2020","20.630","21.000","21.000","20.200","3.26M","-2.32%"
"26.02.2020","21.120","21.650","21.690","21.000","3.28M","-1.77%"
"25.02.2020","21.500","21.760","22.090","21.350","6.71M","-1.10%"
"24.02.2020","21.740","21.910","21.990","21.300","2.08M","-1.18%"
"21.02.2020","22.000","22.210","22.340","21.910","1.31M","-0.68%"
"20.02.2020","22.150","22.600","22.730","22.080","2.18M","-2.03%"
"19.02.2020","22.610","23.070","23.070","22.510","1.73M","-1.27%"
"18.02.2020","22.900","23.010","23.120","22.600","1.30M","-0.91%"
"17.02.2020","23.110","23.230","23.250","22.900","290.60K","-0.34%"
"14.02.2020","23.190","23.270","23.280","22.700","3.40M","-0.17%"
"13.02.2020","23.230","23.010","23.280","22.600","1.83M","0.04%"
"12.02.2020","23.220","22.720","23.320","22.590","3.55M","2.93%"
"11.02.2020","22.560","22.380","23.000","22.210","7.71M","1.26%"
"10.02.2020","22.280","22.060","22.370","21.660","3.17M","0.77%"
"07.02.2020","22.110","21.500","22.160","21.110","2.37M","2.08%"
"06.02.2020","21.660","22.340","22.600","21.400","4.92M","-2.61%"
"05.02.2020","22.240","22.880","23.290","22.050","4.41M","-1.59%"
"04.02.2020","22.600","21.530","22.690","21.530","10.36M","5.17%"
"31.01.2020","21.490","22.960","22.960","21.230","6.53M","-6.61%"
"30.01.2020","23.010","23.230","23.230","22.830","5.00M","-1.79%"
"29.01.2020","23.430","23.530","23.550","23.150","1.59M","0.09%"
"28.01.2020","23.410","23.390","23.650","23.200","1.11M","0.91%"
"27.01.2020","23.200","24.100","24.110","22.980","1.83M","-4.25%"
"24.01.2020","24.230","24.760","24.800","24.160","1.33M","-1.94%"
"23.01.2020","24.710","24.590","24.750","24.060","1.83M","0.37%"
"22.01.2020","24.620","24.840","25.100","24.480","1.05M","-0.49%"
"21.01.2020","24.740","24.720","25.150","24.620","2.35M","-1.28%"
"20.01.2020","25.060","24.860","25.100","24.810","832.97K","0.80%"
"17.01.2020","24.860","24.800","25.050","24.800","2.06M","0.24%"
"16.01.2020","24.800","24.170","24.870","24.100","1.57M","3.03%"
"15.01.2020","24.070","24.740","24.790","23.840","2.67M","-3.06%"
"14.01.2020","24.830","24.690","24.950","24.100","2.59M","0.32%"
"13.01.2020","24.750","24.400","24.950","24.210","1.68M","1.68%"
"10.01.2020","24.340","24.260","25.000","24.110","1.37M","0.12%"
"09.01.2020","24.310","24.110","24.550","24.020","2.00M","0.83%"
"08.01.2020","24.110","24.160","24.900","23.900","2.11M","-0.45%"
"07.01.2020","24.220","24.670","24.670","23.900","1.77M","-2.46%"
"06.01.2020","24.830","24.350","24.920","24.330","1.45M","1.10%"
"03.01.2020","24.560","24.300","24.700","24.150","2.07M","-0.24%"
"02.01.2020","24.620","23.450","24.890","23.450","1.58M","6.17%"
"31.12.2019","23.190","23.010","23.300","23.010","887.43K","0.61%"
"30.12.2019","23.050","23.990","24.000","22.940","1.29M","-3.96%"
"27.12.2019","24.000","23.670","24.110","23.670","1.34M","1.31%"
"26.12.2019","23.690","23.790","23.850","23.550","278.38K","-0.42%"
"24.12.2019","23.790","23.930","24.000","23.610","253.88K","-0.38%"
"23.12.2019","23.880","23.920","23.950","23.590","823.18K","-0.25%"
"20.12.2019","23.940","23.980","24.140","23.660","7.44M","-0.13%"
"19.12.2019","23.970","23.960","24.100","23.570","2.31M","0.38%"
"18.12.2019","23.880","23.180","24.020","23.180","4.46M","2.93%"
"17.12.2019","23.200","23.780","23.780","22.620","4.70M","-2.11%"
"16.12.2019","23.700","23.160","23.960","23.090","2.51M","3.04%"
"13.12.2019","23.000","22.700","23.090","22.630","3.36M","1.86%"
"11.12.2019","22.580","22.980","22.990","22.430","2.84M","-0.79%"
"10.12.2019","22.760","22.420","23.100","22.360","2.80M","1.29%"
"09.12.2019","22.470","22.540","22.980","22.260","966.74K","-0.66%"
"06.12.2019","22.620","22.880","22.880","22.350","1.69M","-0.62%"
"05.12.2019","22.760","23.250","23.500","22.650","2.05M","-2.40%"
"04.12.2019","23.320","23.500","23.800","23.110","1.60M","-0.51%"
"03.12.2019","23.440","23.080","23.510","23.010","966.85K","1.25%"
"02.12.2019","23.150","23.260","23.500","23.030","1.21M","-0.26%"
"29.11.2019","23.210","23.310","23.400","23.030","1.26M","-0.13%"
"28.11.2019","23.240","23.400","23.500","23.120","586.85K","-0.68%"
"27.11.2019","23.400","23.410","23.690","23.050","930.54K","0.43%"
"26.11.2019","23.300","24.080","24.130","23.200","9.08M","-3.40%"
"25.11.2019","24.120","24.020","24.590","23.980","1.12M","-0.37%"
"22.11.2019","24.210","23.320","24.290","23.270","2.22M","3.59%"
"21.11.2019","23.370","23.900","23.920","23.220","2.00M","-2.22%"
"20.11.2019","23.900","23.920","24.490","23.840","1.17M","-0.99%"
"19.11.2019","24.140","23.980","24.330","23.860","2.24M","0.42%"
"15.11.2019","24.040","23.970","24.160","23.620","1.12M","1.43%"
"14.11.2019","23.700","23.690","23.950","23.590","1.60M","0.30%"
"13.11.2019","23.630","23.980","24.460","23.540","2.32M","-1.34%"
"12.11.2019","23.950","24.840","24.840","23.780","2.24M","-3.89%"
"11.11.2019","24.920","24.510","24.990","24.430","743.12K","0.93%"
"08.11.2019","24.690","24.930","24.960","24.400","1.10M","-1.24%"
"07.11.2019","25.000","24.990","25.050","24.810","1.90M","0.28%"
"06.11.2019","24.930","24.760","25.020","24.310","1.38M","0.73%"
"05.11.2019","24.750","24.700","24.980","23.950","2.25M","0.28%"
"04.11.2019","24.680","25.000","25.050","24.400","1.48M","-1.24%"
"01.11.2019","24.990","24.130","25.050","24.080","1.60M","4.56%"
"31.10.2019","23.900","24.610","24.610","23.800","2.75M","-3.36%"
"30.10.2019","24.730","24.670","25.000","24.440","1.60M","-0.40%"
"29.10.2019","24.830","24.650","25.120","24.400","3.26M","0.57%"
"28.10.2019","24.690","23.610","24.880","23.610","2.62M","4.66%"
"25.10.2019","23.590","23.600","23.880","23.300","3.58M","-0.04%"
"24.10.2019","23.600","24.400","24.410","23.510","3.44M","-2.80%"
"23.10.2019","24.280","24.000","24.540","23.890","3.44M","0.83%"
"22.10.2019","24.080","24.230","24.640","23.950","3.38M","-0.91%"
"21.10.2019","24.300","24.350","24.860","23.920","2.46M","-0.21%"
"18.10.2019","24.350","24.510","24.990","24.270","981.98K","-1.38%"
"17.10.2019","24.690","25.070","25.080","24.630","2.58M","-1.56%"
"16.10.2019","25.080","24.680","25.200","24.600","3.32M","1.17%"
"15.10.2019","24.790","24.930","24.940","24.560","1.60M","-0.80%"
"14.10.2019","24.990","24.840","25.350","24.840","2.24M","0.20%"
"11.10.2019","24.940","25.110","25.230","24.890","2.19M","-0.08%"
"10.10.2019","24.960","24.840","25.150","24.760","1.41M","0.69%"
"09.10.2019","24.790","24.740","25.050","24.700","570.12K","0.28%"
"08.10.2019","24.720","24.680","24.980","24.510","1.36M","-0.12%"
"07.10.2019","24.750","25.430","25.540","24.650","1.58M","-3.36%"
"04.10.2019","25.610","24.890","25.710","24.730","1.97M","3.39%"
"03.10.2019","24.770","24.930","25.100","24.500","862.53K","-0.48%"
"02.10.2019","24.890","24.530","25.170","24.400","2.55M","1.30%"
"01.10.2019","24.570","25.170","25.170","24.520","1.37M","-2.11%"
"30.09.2019","25.100","25.380","25.380","24.750","3.29M","-1.03%"
"27.09.2019","25.360","24.920","25.490","24.830","1.24M","1.52%"
"26.09.2019","24.980","25.250","25.540","24.820","2.41M","-0.95%"
"25.09.2019","25.220","25.730","25.850","25.110","2.02M","-2.81%"
"24.09.2019","25.950","26.300","26.330","25.510","2.01M","-1.33%"
"23.09.2019","26.300","26.070","26.490","25.980","1.72M","0.38%"
"20.09.2019","26.200","25.200","26.490","25.150","12.49M","3.80%"
"19.09.2019","25.240","25.150","25.590","24.750","968.85K","0.64%"
"18.09.2019","25.080","25.330","25.390","24.600","1.80M","-1.07%"
"17.09.2019","25.350","25.660","26.420","25.200","1.95M","-1.44%"
"13.09.2019","25.720","25.270","25.820","25.040","1.48M","2.59%"
"12.09.2019","25.070","25.180","25.840","24.920","1.43M","-1.49%"
"11.09.2019","25.450","25.380","25.520","24.830","1.57M","0.87%"
"10.09.2019","25.230","25.170","25.410","24.870","2.30M","-0.12%"
"09.09.2019","25.260","24.740","25.360","24.730","1.49M","2.77%"
"06.09.2019","24.580","24.200","24.740","24.030","1.40M","1.57%"
"05.09.2019","24.200","23.880","24.250","23.840","2.70M","1.85%"
"04.09.2019","23.760","24.030","24.450","23.370","4.33M","-0.29%"
"03.09.2019","23.830","24.880","24.880","23.740","2.81M","-4.22%"
"02.09.2019","24.880","24.700","25.030","24.200","577.70K","0.44%"
"30.08.2019","24.770","24.270","25.130","23.760","3.52M","2.91%"
"29.08.2019","24.070","23.910","24.650","23.530","2.76M","1.69%"
"28.08.2019","23.670","23.500","23.980","23.150","1.75M","0.72%"
"27.08.2019","23.500","22.820","23.700","22.420","8.35M","2.71%"
"26.08.2019","22.880","21.900","22.960","21.900","3.38M","4.76%"
"23.08.2019","21.840","22.680","22.680","21.720","2.25M","-3.58%"
"22.08.2019","22.650","22.600","22.920","22.420","2.91M","-0.09%"
"21.08.2019","22.670","22.730","22.850","22.340","2.05M","-0.40%"
"20.08.2019","22.760","22.880","23.160","22.490","2.10M","-0.35%"
"19.08.2019","22.840","22.690","23.150","22.600","1.88M","0.66%"
"16.08.2019","22.690","21.640","22.790","21.440","5.85M","4.80%"
"15.08.2019","21.650","21.340","21.740","21.120","3.33M","1.41%"
"14.08.2019","21.350","22.100","22.100","21.220","5.56M","-4.00%"
"13.08.2019","22.240","22.520","22.730","22.110","2.68M","-1.42%"
"12.08.2019","22.560","23.090","23.100","22.510","1.97M","-2.17%"
"09.08.2019","23.060","23.440","23.440","22.960","1.49M","-1.54%"
"08.08.2019","23.420","23.670","23.750","23.150","2.00M","-0.26%"
"07.08.2019","23.480","22.710","23.720","22.710","2.76M","2.80%"
"06.08.2019","22.840","23.110","23.530","22.720","2.65M","-1.00%"
"05.08.2019","23.070","23.520","23.550","23.000","2.80M","-2.12%"
"02.08.2019","23.570","23.160","23.650","22.700","3.35M","1.51%"
"01.08.2019","23.220","23.470","23.740","22.890","2.74M","-1.28%"
"31.07.2019","23.520","24.270","24.280","23.460","5.38M","-3.33%"
"30.07.2019","24.330","24.010","24.490","23.680","2.03M","1.37%"
"29.07.2019","24.000","23.940","24.680","23.850","1.74M","0.25%"
"26.07.2019","23.940","24.160","24.850","23.840","3.35M","-0.83%"
"25.07.2019","24.140","24.990","25.010","23.620","2.26M","-2.86%"
"24.07.2019","24.850","25.000","25.070","24.500","1.69M","0.28%"
"23.07.2019","24.780","24.840","25.100","24.400","3.21M","-1.78%"
"22.07.2019","25.230","26.060","26.090","25.000","1.71M","-2.77%"
"19.07.2019","25.950","26.160","26.390","25.800","1.11M","-0.57%"
"18.07.2019","26.100","26.900","27.090","26.000","1.76M","-2.90%"
"17.07.2019","26.880","27.150","27.180","26.380","2.51M","-1.47%"
"16.07.2019","27.280","27.430","27.430","27.010","1.14M","-0.04%"
"15.07.2019","27.290","27.010","27.690","26.850","832.84K","0.81%"
"12.07.2019","27.070","27.920","27.920","27.020","1.13M","-2.84%"
"11.07.2019","27.860","27.600","28.040","27.250","939.83K","1.35%"
"10.07.2019","27.490","27.400","27.750","27.000","1.90M","-0.04%"
"09.07.2019","27.500","28.000","28.180","26.900","2.12M","-2.24%"
"08.07.2019","28.130","28.190","28.200","28.000","1.14M","0.32%"
"05.07.2019","28.040","27.940","28.190","27.900","1.53M","0.07%"
"04.07.2019","28.020","28.090","28.150","27.900","317.31K","-0.60%"
"03.07.2019","28.190","27.440","28.200","27.410","1.58M","3.11%"
"02.07.2019","27.340","27.680","28.180","27.240","1.93M","-1.09%"
"01.07.2019","27.640","27.870","28.000","27.220","2.47M","-0.43%"
"28.06.2019","27.760","27.670","27.840","27.490","2.13M","0.65%"
"27.06.2019","27.580","28.020","28.370","27.520","3.12M","-1.75%"
"26.06.2019","28.070","28.020","28.270","27.890","1.43M","0.11%"
"25.06.2019","28.040","28.040","28.400","27.960","1.82M","0.18%"
"24.06.2019","27.990","27.970","28.200","27.850","2.96M","0.04%"
"21.06.2019","27.980","27.540","28.200","27.270","14.88M","1.82%"
"20.06.2019","27.480","27.290","27.690","27.200","2.17M","0.92%"
"19.06.2019","27.230","26.730","27.370","26.680","2.48M","1.68%"
"18.06.2019","26.780","26.120","26.960","25.850","4.29M","2.84%"
"17.06.2019","26.040","26.250","26.420","25.910","1.58M","0.04%"
"14.06.2019","26.030","26.100","26.180","25.800","1.66M","-0.04%"
"13.06.2019","26.040","26.170","26.310","25.750","1.95M","-0.61%"
"12.06.2019","26.200","26.320","26.500","26.100","2.82M","-0.76%"
"11.06.2019","26.400","26.160","26.530","25.970","3.27M","1.50%"
"10.06.2019","26.010","26.410","26.600","25.860","2.09M","-0.95%"
"07.06.2019","26.260","26.320","26.650","26.100","1.01M","-0.53%"
"06.06.2019","26.400","26.190","26.530","25.840","3.61M","0.92%"
"05.06.2019","26.160","25.970","26.470","25.850","1.49M","1.04%"
"04.06.2019","25.890","26.440","26.680","25.800","2.74M","-2.04%"
"03.06.2019","26.430","25.970","26.760","25.780","3.56M","1.65%"
"31.05.2019","26.000","26.000","26.460","25.510","3.75M","-2.03%"
"30.05.2019","26.540","26.150","26.780","26.020","2.27M","1.30%"
"29.05.2019","26.200","25.890","26.350","25.800","3.84M","0.89%"
"28.05.2019","25.970","26.050","26.440","25.730","10.37M","-0.15%"
"27.05.2019","26.010","25.990","26.130","25.550","519.43K","0.00%"
"24.05.2019","26.010","26.010","26.100","25.300","1.69M","0.27%"
"23.05.2019","25.940","26.140","26.420","25.850","1.32M","-1.14%"
"22.05.2019","26.240","26.230","26.280","26.020","1.26M","-0.27%"
"21.05.2019","26.310","26.500","26.700","26.010","3.19M","-0.45%"
"20.05.2019","26.430","26.250","26.790","26.030","1.80M","0.61%"
"17.05.2019","26.270","26.110","26.440","26.070","2.56M","0.34%"
"16.05.2019","26.180","26.490","26.930","26.100","2.99M","-1.36%"
"15.05.2019","26.540","26.130","26.690","26.130","3.45M","1.14%"
"14.05.2019","26.240","26.040","26.580","26.030","3.45M","0.54%"
"13.05.2019","26.100","26.220","26.640","25.720","3.13M","-1.29%"
"10.05.2019","26.440","27.100","27.170","26.300","1.88M","-2.76%"
"09.05.2019","27.190","27.400","27.550","26.690","3.46M","-3.75%"
"08.05.2019","28.250","28.800","28.850","28.040","6.22M","-2.15%"
"07.05.2019","28.870","28.660","28.990","28.220","2.14M","0.38%"
"06.05.2019","28.760","28.820","28.990","28.450","1.87M","-0.31%"
"03.05.2019","28.850","29.000","29.000","28.700","1.37M","0.07%"
"02.05.2019","28.830","29.190","29.190","28.650","1.59M","-0.65%"
"30.04.2019","29.020","28.790","29.500","28.790","2.77M","1.04%"
"29.04.2019","28.720","28.940","28.960","28.650","829.98K","-0.69%"
"26.04.2019","28.920","28.640","29.000","28.500","1.59M","1.23%"
"25.04.2019","28.570","28.480","28.820","28.040","1.81M","-0.17%"
"24.04.2019","28.620","28.660","28.950","27.960","1.79M","-0.31%"
"23.04.2019","28.710","28.600","28.900","28.150","1.24M","0.07%"
"22.04.2019","28.690","28.700","28.790","28.450","897.53K","-0.66%"
"17.04.2019","28.880","28.100","29.000","27.850","2.63M","2.78%"
"16.04.2019","28.100","27.830","28.400","27.830","2.04M","1.19%"
"15.04.2019","27.770","28.010","28.300","27.640","1.92M","-2.46%"
"12.04.2019","28.470","28.200","28.770","28.160","1.17M","1.64%"
"11.04.2019","28.010","28.170","28.380","27.730","1.50M","-1.20%"
"10.04.2019","28.350","28.200","28.500","27.950","2.06M","0.50%"
"09.04.2019","28.210","27.440","28.300","27.300","2.59M","2.54%"
"08.04.2019","27.510","27.700","27.940","27.130","1.62M","-0.83%"
"05.04.2019","27.740","27.470","27.840","27.250","2.88M","1.24%"
"04.04.2019","27.400","27.060","27.640","27.060","998.96K","1.03%"
"03.04.2019","27.120","27.190","27.490","27.050","1.38M","0.11%"
"02.04.2019","27.090","27.110","27.350","26.970","2.04M","-0.26%"
"01.04.2019","27.160","27.020","27.520","27.000","2.17M","1.00%"
"29.03.2019","26.890","27.890","27.900","26.770","4.09M","-3.38%"
"28.03.2019","27.830","27.910","27.950","27.560","3.22M","0.11%"
"27.03.2019","27.800","28.040","28.450","27.630","3.13M","-0.93%"
"26.03.2019","28.060","27.650","28.140","27.480","3.34M","1.01%"
"25.03.2019","27.780","27.740","27.980","27.360","2.28M","0.29%"
"22.03.2019","27.700","27.840","27.930","27.180","2.53M","-0.47%"
"21.03.2019","27.830","27.270","28.240","27.270","5.34M","1.53%"
"20.03.2019","27.410","27.130","27.670","26.600","8.16M","1.03%"
"19.03.2019","27.130","26.480","27.500","26.480","4.34M","3.08%"
"15.03.2019","26.320","26.500","27.100","26.100","17.91M","-0.27%"
"14.03.2019","26.390","26.850","26.960","26.260","3.17M","-1.86%"
"13.03.2019","26.890","26.840","27.140","26.650","2.28M","0.64%"
"12.03.2019","26.720","27.000","27.280","26.500","3.05M","-1.26%"
"11.03.2019","27.060","27.370","27.470","26.900","2.49M","-1.67%"
"08.03.2019","27.520","27.000","27.620","26.810","3.13M","1.74%"
"07.03.2019","27.050","27.980","28.040","26.940","2.25M","-3.67%"
"06.03.2019","28.080","27.900","28.330","27.610","4.10M","0.90%"
"05.03.2019","27.830","28.070","28.080","27.650","1.70M","-0.61%"
"04.03.2019","28.000","27.900","28.070","27.510","1.85M","-0.36%"
"01.03.2019","28.100","28.720","28.890","28.010","3.03M","-2.29%"
"28.02.2019","28.760","28.160","28.840","27.990","4.20M","1.73%"
"27.02.2019","28.270","28.890","28.900","28.050","2.42M","-2.58%"
"26.02.2019","29.020","28.630","29.120","28.530","2.78M","1.79%"
"25.02.2019","28.510","28.470","29.040","28.310","2.00M","-0.31%"
"22.02.2019","28.600","27.480","28.750","27.420","2.01M","4.30%"
"21.02.2019","27.420","27.470","27.770","26.940","3.09M","-0.22%"
"20.02.2019","27.480","27.180","27.570","27.110","1.93M","1.74%"
"19.02.2019","27.010","27.350","27.510","26.930","1.89M","-0.92%"
"18.02.2019","27.260","27.350","27.560","27.020","745.18K","0.15%"
"15.02.2019","27.220","27.490","27.700","27.000","1.74M","-0.40%"
"14.02.2019","27.330","26.780","27.450","26.450","2.30M","2.47%"
"13.02.2019","26.670","27.360","27.520","26.340","3.15M","-2.31%"
"12.02.2019","27.300","27.890","28.320","27.050","3.85M","-2.33%"
"11.02.2019","27.950","27.750","28.170","27.570","987.53K","1.08%"
"08.02.2019","27.650","28.040","28.200","27.530","1.78M","-1.18%"
"07.02.2019","27.980","27.850","28.320","27.760","1.83M","0.36%"
"06.02.2019","27.880","28.210","28.300","27.820","2.48M","-0.92%"
"05.02.2019","28.140","27.850","28.470","27.850","2.06M","0.82%"
"01.02.2019","27.910","27.760","28.250","27.500","2.24M","0.76%"
"31.01.2019","27.700","28.010","28.290","27.520","3.34M","-0.79%"
"30.01.2019","27.920","28.880","29.000","27.400","3.83M","-3.56%"
"29.01.2019","28.950","29.290","29.340","28.810","2.47M","-0.82%"
"28.01.2019","29.190","29.580","29.770","29.000","3.61M","-1.08%"
"25.01.2019","29.510","29.370","29.890","29.100","1.70M","0.48%"
"24.01.2019","29.370","29.380","29.640","28.870","2.39M","0.69%"
"23.01.2019","29.170","29.540","29.930","28.570","2.62M","-0.48%"
"22.01.2019","29.310","29.350","29.830","29.100","3.04M","0.14%"
"21.01.2019","29.270","30.050","30.190","29.090","775.92K","-1.88%"
"18.01.2019","29.830","29.850","30.150","29.440","4.87M","0.67%"
"17.01.2019","29.630","29.680","30.200","29.400","3.51M","-0.17%"
"16.01.2019","29.680","29.790","29.820","29.340","2.63M","-0.60%"
"15.01.2019","29.860","29.430","30.170","28.930","3.70M","1.15%"
"14.01.2019","29.520","29.310","29.700","28.890","2.14M","0.99%"
"11.01.2019","29.230","28.370","29.350","28.370","4.55M","3.29%"
"10.01.2019","28.300","28.440","28.800","27.750","2.97M","-0.74%"
"09.01.2019","28.510","28.980","29.390","28.370","3.77M","-1.45%"
"08.01.2019","28.930","29.400","29.400","28.780","3.09M","-1.06%"
"07.01.2019","29.240","28.610","29.350","28.110","2.15M","1.99%"
"04.01.2019","28.670","29.420","29.700","28.340","2.59M","-2.71%"
"03.01.2019","29.470","28.750","29.570","28.180","1.97M","1.59%"
"02.01.2019","29.010","28.220","29.140","27.910","1.42M","2.55%"
"31.12.2018","28.290","28.230","28.620","28.110","782.70K","-0.60%"
"28.12.2018","28.460","28.380","28.740","28.140","1.09M","0.67%"
"27.12.2018","28.270","28.810","28.970","28.080","1.19M","-2.18%"
"26.12.2018","28.900","27.830","29.000","27.830","853.96K","2.70%"
"24.12.2018","28.140","28.400","28.590","28.010","593.19K","-0.04%"
"21.12.2018","28.150","28.240","28.990","27.860","9.25M","-1.05%"
"20.12.2018","28.450","28.320","28.540","27.630","3.18M","1.03%"
"19.12.2018","28.160","27.930","28.740","27.710","3.98M","0.50%"
"18.12.2018","28.020","26.680","28.150","26.380","4.30M","5.54%"
"17.12.2018","26.550","27.140","27.820","26.410","1.75M","-1.67%"
"14.12.2018","27.000","27.130","27.430","26.400","2.72M","-0.04%"
"13.12.2018","27.010","27.570","27.620","26.220","4.75M","-2.07%"
"11.12.2018","27.580","28.390","28.390","27.020","1.74M","-0.93%"
"10.12.2018","27.840","27.870","28.440","27.670","1.77M","-0.32%"
"07.12.2018","27.930","27.330","28.160","27.090","2.28M","2.87%"
"06.12.2018","27.150","27.230","27.700","26.740","3.28M","-1.34%"
"05.12.2018","27.520","27.450","27.660","27.030","670.52K","0.77%"
"04.12.2018","27.310","27.330","27.500","26.590","3.81M","0.15%"
"03.12.2018","27.270","27.660","28.000","26.720","3.11M","-0.55%"
"30.11.2018","27.420","27.390","27.690","26.500","8.35M","0.33%"
"29.11.2018","27.330","27.240","27.740","26.510","2.91M","1.18%"
"28.11.2018","27.010","26.020","27.640","25.990","3.35M","4.93%"
"27.11.2018","25.740","26.370","27.250","25.410","2.44M","-0.54%"
"26.11.2018","25.880","26.290","27.050","25.590","2.65M","-2.74%"
"23.11.2018","26.610","26.880","26.990","26.000","774.80K","-0.22%"
"22.11.2018","26.670","26.660","27.040","26.530","353.67K","0.04%"
"21.11.2018","26.660","26.990","27.800","26.540","1.64M","-1.19%"
"20.11.2018","26.980","27.160","27.810","26.490","1.49M","-0.48%"
"16.11.2018","27.110","26.190","28.200","26.160","2.86M","4.03%"
"15.11.2018","26.060","26.810","26.860","25.910","2.52M","-2.54%"
"14.11.2018","26.740","26.490","27.470","25.910","2.74M","0.72%"
"13.11.2018","26.550","27.220","27.280","26.030","4.31M","-1.74%"
"12.11.2018","27.020","27.030","27.990","25.980","2.79M","0.37%"
"09.11.2018","26.920","25.660","27.570","25.500","7.31M","5.49%"
"08.11.2018","25.520","28.450","28.750","25.400","5.28M","-10.08%"
"07.11.2018","28.380","28.690","29.000","28.000","2.86M","-0.87%"
"06.11.2018","28.630","27.980","28.950","27.670","4.42M","1.67%"
"05.11.2018","28.160","27.950","28.200","27.620","2.61M","0.82%"
"01.11.2018","27.930","26.390","28.250","26.390","3.36M","6.08%"
"31.10.2018","26.330","27.850","28.400","26.010","4.95M","-4.95%"
"30.10.2018","27.700","27.500","27.960","27.270","5.13M","0.80%"
"29.10.2018","27.480","28.630","29.100","27.370","4.21M","-3.82%"
"26.10.2018","28.570","28.120","29.010","28.010","3.84M","0.63%"
"25.10.2018","28.390","28.440","29.490","28.100","2.61M","0.18%"
"24.10.2018","28.340","27.990","28.700","27.450","4.19M","1.69%"
"23.10.2018","27.870","28.360","28.420","27.800","4.21M","-1.48%"
"22.10.2018","28.290","28.370","28.420","28.050","1.17M","-0.46%"
"19.10.2018","28.420","28.650","28.790","28.160","3.51M","-0.28%"
"18.10.2018","28.500","28.790","29.000","28.150","2.26M","-1.35%"
"17.10.2018","28.890","28.760","29.390","28.730","1.84M","0.52%"
"16.10.2018","28.740","28.930","29.490","28.520","4.08M","0.00%"
"15.10.2018","28.740","28.810","29.140","28.630","2.33M","-0.52%"
"12.10.2018","28.890","28.740","29.370","28.100","2.32M","1.01%"
"11.10.2018","28.600","28.710","29.440","28.500","2.43M","-1.89%"
"10.10.2018","29.150","28.860","29.480","28.650","2.59M","0.76%"
"09.10.2018","28.930","29.000","29.230","28.600","2.72M","-0.48%"
"08.10.2018","29.070","29.500","29.940","28.740","1.39M","-2.32%"
"05.10.2018","29.760","29.920","30.000","29.500","3.23M","0.07%"
"04.10.2018","29.740","29.710","29.890","29.500","2.63M","-0.10%"
"03.10.2018","29.770","30.000","30.030","29.610","2.48M","-0.60%"
"02.10.2018","29.950","29.720","29.990","29.540","1.66M","0.77%"
"01.10.2018","29.720","29.600","30.010","29.300","3.30M","1.23%"
"28.09.2018","29.360","29.940","30.000","29.010","3.28M","-2.17%"
"27.09.2018","30.010","30.250","30.610","29.820","3.17M","-0.10%"
"26.09.2018","30.040","30.390","30.590","30.000","3.09M","-1.05%"
"25.09.2018","30.360","29.840","30.440","29.830","2.78M","1.71%"
"24.09.2018","29.850","30.290","30.290","29.550","2.46M","-1.42%"
"21.09.2018","30.280","30.290","31.020","29.580","24.38M","-0.10%"
"20.09.2018","30.310","30.430","30.590","30.240","6.72M","-0.20%"
"19.09.2018","30.370","30.350","30.510","30.150","2.55M","0.26%"
"18.09.2018","30.290","30.190","30.490","30.000","2.80M","0.00%"
"17.09.2018","30.290","30.210","30.640","30.210","1.07M","0.50%"
"14.09.2018","30.140","30.020","30.300","29.600","1.69M","-0.66%"
"13.09.2018","30.340","30.070","30.700","29.960","3.00M","0.66%"
"12.09.2018","30.140","29.210","30.850","29.210","4.04M","2.94%"
"11.09.2018","29.280","29.310","29.590","29.130","2.65M","-0.34%"
"10.09.2018","29.380","29.300","29.590","29.000","1.81M","0.38%"
"07.09.2018","29.270","29.260","29.490","28.980","1.83M","-0.41%"
"06.09.2018","29.390","29.300","29.490","29.150","1.76M","0.41%"
"05.09.2018","29.270","29.280","29.440","29.200","1.52M","0.00%"
"04.09.2018","29.270","30.190","30.190","29.200","2.07M","-3.97%"
"03.09.2018","30.480","30.200","30.550","30.190","150.78K","0.40%"
"31.08.2018","30.360","30.480","31.000","30.010","2.55M","-1.17%"
"30.08.2018","30.720","30.910","31.150","30.160","2.02M","-0.71%"
"29.08.2018","30.940","30.560","31.000","30.410","2.41M","1.34%"
"28.08.2018","30.530","31.120","31.220","30.220","3.10M","-1.67%"
"27.08.2018","31.050","30.980","31.400","30.790","1.71M","0.29%"
"24.08.2018","30.960","31.150","31.200","30.340","819.46K","-0.42%"
"23.08.2018","31.090","31.170","31.250","30.900","1.85M","-0.03%"
"22.08.2018","31.100","30.510","31.700","30.510","3.13M","1.83%"
"21.08.2018","30.540","30.050","30.640","29.810","3.96M","1.39%"
"20.08.2018","30.120","30.050","30.180","29.800","1.77M","0.50%"
"17.08.2018","29.970","29.420","30.000","29.420","2.95M","2.11%"
"16.08.2018","29.350","30.460","30.460","29.200","2.09M","-3.64%"
"15.08.2018","30.460","30.650","30.740","30.010","2.45M","-1.14%"
"14.08.2018","30.810","30.440","30.900","30.330","2.03M","1.22%"
"13.08.2018","30.440","30.150","30.940","30.150","1.87M","0.66%"
"10.08.2018","30.240","30.560","30.770","29.600","2.90M","-1.66%"
"09.08.2018","30.750","30.980","31.040","30.610","3.09M","-0.52%"
"08.08.2018","30.910","30.750","31.200","30.670","4.39M","0.49%"
"07.08.2018","30.760","30.350","31.250","30.250","5.09M","2.16%"
"06.08.2018","30.110","30.720","30.720","30.040","1.86M","-2.02%"
"03.08.2018","30.730","31.140","31.300","30.650","2.47M","-0.71%"
"02.08.2018","30.950","30.850","31.080","30.250","2.64M","-0.16%"
"01.08.2018","31.000","30.890","31.300","30.630","2.42M","0.98%"
"31.07.2018","30.700","30.920","31.220","30.530","4.98M","-0.55%"
"30.07.2018","30.870","30.570","31.680","30.570","1.89M","-0.19%"
"27.07.2018","30.930","30.200","31.000","30.060","2.65M","2.01%"
"26.07.2018","30.320","30.100","30.620","30.100","2.51M","1.00%"
"25.07.2018","30.020","29.490","30.250","29.100","2.23M","2.56%"
"24.07.2018","29.270","29.300","29.500","29.100","1.97M","-0.27%"
"23.07.2018","29.350","29.630","29.630","28.820","2.11M","-1.18%"
"20.07.2018","29.700","29.500","29.840","29.020","2.39M","0.92%"
"19.07.2018","29.430","28.860","29.600","28.520","2.09M","1.48%"
"18.07.2018","29.000","29.290","29.880","28.800","4.50M","-1.53%"
"17.07.2018","29.450","28.840","29.690","28.840","2.22M","0.58%"
"16.07.2018","29.280","29.330","29.420","28.810","2.05M","-0.51%"
"13.07.2018","29.430","29.360","29.500","28.760","1.32M","0.44%"
"12.07.2018","29.300","29.340","29.500","29.150","3.18M","-0.07%"
"11.07.2018","29.320","29.140","29.490","29.030","2.50M","-0.27%"
"10.07.2018","29.400","29.270","29.560","29.160","2.11M","0.14%"
"09.07.2018","29.360","29.580","29.900","29.020","1.83M","-1.14%"
"06.07.2018","29.700","29.320","29.850","28.840","4.13M","1.61%"
"05.07.2018","29.230","28.230","29.350","28.050","2.41M","3.98%"
"04.07.2018","28.110","28.200","28.250","27.970","311.21K","0.25%"
"03.07.2018","28.040","27.860","28.250","27.570","1.33M","0.72%"
"02.07.2018","27.840","27.760","28.150","27.470","2.91M","0.14%"
"29.06.2018","27.800","27.510","28.240","27.490","4.81M","1.16%"
"28.06.2018","27.480","27.980","28.200","27.410","4.18M","-1.79%"
"27.06.2018","27.980","28.130","28.400","27.800","2.47M","-0.67%"
"26.06.2018","28.170","28.110","28.590","28.050","3.46M","-0.77%"
"25.06.2018","28.390","28.690","28.690","28.030","2.25M","0.53%"
"22.06.2018","28.240","28.220","28.440","28.020","1.95M","0.28%"
"21.06.2018","28.160","28.100","28.550","27.950","2.10M","-0.60%"
"20.06.2018","28.330","27.730","28.500","27.730","1.35M","2.39%"
"19.06.2018","27.670","27.660","28.240","27.540","3.32M","-0.22%"
"18.06.2018","27.730","28.250","28.250","27.400","2.11M","-2.19%"
"15.06.2018","28.350","28.000","28.460","27.750","11.79M","0.96%"
"14.06.2018","28.080","27.810","28.510","27.810","2.27M","0.21%"
"13.06.2018","28.020","28.550","28.560","27.970","2.33M","-1.62%"
"12.06.2018","28.480","28.920","28.980","28.300","2.96M","-0.90%"
"11.06.2018","28.740","28.750","28.980","28.300","4.07M","-0.17%"
"08.06.2018","28.790","28.370","28.930","27.750","2.05M","3.01%"
"07.06.2018","27.950","27.580","28.480","27.300","3.21M","1.05%"
"06.06.2018","27.660","27.730","28.080","27.500","1.75M","0.47%"
"05.06.2018","27.530","27.920","28.100","27.450","2.09M","-1.54%"
"04.06.2018","27.960","28.280","28.350","27.550","1.69M","-1.51%"
"01.06.2018","28.390","28.240","29.150","28.190","1.30M","0.78%"
"31.05.2018","28.170","27.870","28.560","27.700","8.37M","0.00%"
"30.05.2018","28.170","27.380","28.860","27.150","2.38M","1.81%"
"29.05.2018","27.670","27.830","28.120","27.110","2.34M","-1.07%"
"28.05.2018","27.970","27.900","28.470","27.900","421.07K","-0.71%"
"25.05.2018","28.170","28.750","28.750","27.840","1.93M","-1.95%"
"24.05.2018","28.730","28.690","29.000","28.220","2.22M","0.10%"
"23.05.2018","28.700","28.570","29.490","28.300","2.28M","-0.21%"
"22.05.2018","28.760","28.210","29.110","28.150","3.38M","1.95%"
"21.05.2018","28.210","28.420","28.770","28.020","2.36M","-0.91%"
"18.05.2018","28.470","29.100","29.100","28.260","1.91M","-2.00%"
"17.05.2018","29.050","30.350","30.430","28.950","2.55M","-4.72%"
"16.05.2018","30.490","29.730","30.560","29.660","2.69M","2.76%"
"15.05.2018","29.670","30.010","30.020","29.200","3.63M","-1.95%"
"14.05.2018","30.260","30.200","30.520","29.910","1.82M","-0.16%"
"11.05.2018","30.310","30.570","30.750","29.900","1.49M","-0.26%"
"10.05.2018","30.390","29.880","30.570","29.770","4.99M","1.84%"
"09.05.2018","29.840","30.700","30.700","29.570","3.92M","-3.15%"
"08.05.2018","30.810","30.810","31.330","30.090","1.98M","0.23%"
"07.05.2018","30.740","31.230","31.350","30.550","6.59M","-1.91%"
"04.05.2018","31.340","30.890","31.440","30.330","2.47M","1.26%"
"03.05.2018","30.950","30.930","31.170","30.730","4.99M","-0.48%"
"02.05.2018","31.100","30.930","31.440","30.510","2.56M","-0.19%"
"30.04.2018","31.160","31.500","31.550","31.020","3.42M","-0.86%"
"27.04.2018","31.430","31.320","31.540","31.030","2.19M","0.29%"
"26.04.2018","31.340","30.770","31.500","30.530","5.06M","2.12%"
"25.04.2018","30.690","30.620","30.800","30.290","633.31K","0.56%"
"24.04.2018","30.520","31.290","31.290","30.350","1.15M","-1.80%"
"23.04.2018","31.080","30.350","31.490","30.250","1.52M","2.17%"
"20.04.2018","30.420","30.830","31.410","30.010","3.84M","-1.27%"
"19.04.2018","30.810","31.670","31.840","30.740","2.19M","-2.99%"
"18.04.2018","31.760","31.700","31.950","31.500","2.80M","0.63%"
"17.04.2018","31.560","30.870","31.780","30.830","2.81M","2.57%"
"16.04.2018","30.770","31.360","31.590","30.570","1.52M","-2.10%"
"13.04.2018","31.430","31.350","31.500","31.110","1.54M","0.42%"
"12.04.2018","31.300","31.500","31.570","31.150","2.73M","-0.32%"
"11.04.2018","31.400","31.160","31.500","30.900","1.42M","0.48%"
"10.04.2018","31.250","30.660","31.530","30.660","3.26M","1.76%"
"09.04.2018","30.710","31.290","31.370","30.550","3.13M","-1.03%"
"06.04.2018","31.030","31.200","31.300","31.000","2.27M","0.00%"
"05.04.2018","31.030","30.870","31.550","30.700","3.05M","0.06%"
"04.04.2018","31.010","30.450","31.380","30.450","4.63M","2.28%"
"03.04.2018","30.320","30.090","30.500","29.820","3.44M","0.76%"
"02.04.2018","30.090","30.160","30.980","29.850","2.42M","0.00%"
"28.03.2018","30.090","31.420","31.420","29.850","2.84M","-1.73%"
"27.03.2018","30.620","31.140","31.690","30.520","2.22M","-1.61%"
"26.03.2018","31.120","30.960","31.390","29.300","2.25M","2.50%"
"23.03.2018","30.360","31.010","31.590","30.250","2.21M","-2.10%"
"22.03.2018","31.010","31.600","32.120","30.910","1.88M","-1.99%"
"21.03.2018","31.640","31.380","32.480","31.240","3.31M","0.60%"
"20.03.2018","31.450","30.860","31.700","30.840","2.65M","2.14%"
"16.03.2018","30.790","31.030","31.350","30.510","10.36M","-1.00%"
"15.03.2018","31.100","31.940","32.120","30.930","2.26M","-1.86%"
"14.03.2018","31.690","32.220","32.220","31.550","1.98M","-1.12%"
"13.03.2018","32.050","31.620","32.190","31.510","3.35M","0.22%"
"12.03.2018","31.980","31.440","32.010","31.030","3.55M","1.94%"
"09.03.2018","31.370","30.600","31.480","30.600","2.84M","2.48%"
"08.03.2018","30.610","30.390","30.840","30.100","2.88M","1.12%"
"07.03.2018","30.270","30.020","30.800","30.000","2.74M","-0.30%"
"06.03.2018","30.360","29.930","30.980","29.930","3.89M","-0.62%"
"05.03.2018","30.550","30.380","30.630","30.030","2.87M","0.79%"
"02.03.2018","30.310","29.920","30.650","29.300","4.17M","1.47%"
"01.03.2018","29.870","30.040","30.440","29.650","4.67M","-0.83%"
"28.02.2018","30.120","30.720","30.890","29.810","5.73M","-1.73%"
"27.02.2018","30.650","31.090","31.190","30.310","2.45M","-1.42%"
"26.02.2018","31.090","31.420","31.730","31.010","1.44M","-1.58%"
"23.02.2018","31.590","31.680","31.770","31.260","1.20M","-0.28%"
"22.02.2018","31.680","31.600","31.920","31.400","1.70M","0.35%"
"21.02.2018","31.570","31.260","31.730","31.260","2.16M","1.22%"
"20.02.2018","31.190","31.440","31.540","31.050","1.58M","-0.70%"
"19.02.2018","31.410","31.290","31.640","31.040","575.40K","0.83%"
"16.02.2018","31.150","31.650","32.320","31.090","1.82M","-1.58%"
"15.02.2018","31.650","31.290","31.970","31.040","3.16M","2.00%"
"14.02.2018","31.030","31.270","31.850","30.960","1.82M","-1.96%"
"13.02.2018","31.650","31.250","31.890","31.020","1.70M","0.96%"
"12.02.2018","31.350","31.800","31.970","31.100","2.40M","-1.04%"
"09.02.2018","31.680","31.750","31.980","31.150","2.77M","0.06%"
"08.02.2018","31.660","32.610","33.150","31.510","3.20M","-3.92%"
"07.02.2018","32.950","32.950","33.120","32.350","2.92M","-0.69%"
"06.02.2018","33.180","32.410","33.610","31.510","3.04M","0.27%"
"02.02.2018","33.090","33.120","33.450","32.350","1.65M","-0.99%"
"01.02.2018","33.420","32.750","33.820","32.500","2.70M","1.49%"
"31.01.2018","32.930","34.350","34.350","32.220","5.05M","-4.41%"
"30.01.2018","34.450","34.520","34.880","33.450","2.11M","-0.55%"
"29.01.2018","34.640","34.950","34.950","34.450","1.67M","-0.09%"
"26.01.2018","34.670","34.510","34.800","34.510","2.66M","-0.49%"
"25.01.2018","34.840","34.020","35.200","34.020","3.04M","0.96%"
"24.01.2018","34.510","34.430","34.900","34.060","2.68M","0.47%"
"23.01.2018","34.350","34.560","34.560","33.810","2.26M","-0.29%"
"22.01.2018","34.450","34.550","34.600","34.250","1.81M","0.00%"
"19.01.2018","34.450","34.950","34.950","34.100","1.83M","-0.38%"
"18.01.2018","34.580","34.920","34.950","34.340","1.26M","-0.40%"
"17.01.2018","34.720","34.750","34.800","34.250","1.56M","0.40%"
"16.01.2018","34.580","34.700","35.040","34.480","4.63M","-0.09%"
"15.01.2018","34.610","34.700","34.700","34.470","680.58K","0.06%"
"12.01.2018","34.590","33.700","34.800","33.620","3.55M","2.89%"
"11.01.2018","33.620","33.970","34.220","33.050","2.81M","-0.47%"
"10.01.2018","33.780","34.700","34.700","33.500","2.27M","-3.10%"
"09.01.2018","34.860","34.130","34.990","33.420","1.58M","1.28%"
"08.01.2018","34.420","34.990","35.150","33.860","1.93M","-1.49%"
"05.01.2018","34.940","34.770","34.990","34.540","1.94M","0.72%"
"04.01.2018","34.690","33.990","34.900","33.980","3.10M","1.85%"
"03.01.2018","34.060","33.790","34.690","33.120","2.99M","0.68%"
"02.01.2018","33.830","32.540","33.950","32.080","1.71M","5.32%"
"29.12.2017","32.120","32.580","33.000","31.980","2.73M","-1.17%"
"28.12.2017","32.500","32.410","32.580","32.220","1.20M","0.22%"
"27.12.2017","32.430","32.120","32.500","31.960","1.62M","1.69%"
"26.12.2017","31.890","31.310","32.400","31.310","708.26K","1.66%"
"22.12.2017","31.370","32.260","32.500","31.120","1.30M","-2.76%"
"21.12.2017","32.260","31.860","32.420","31.830","1.55M","1.51%"
"20.12.2017","31.780","32.040","32.390","31.700","1.17M","-0.72%"
"19.12.2017","32.010","31.920","32.390","31.820","3.23M","0.19%"
"18.12.2017","31.950","30.970","31.990","30.870","1.96M","4.00%"
"15.12.2017","30.720","32.160","32.160","30.600","9.45M","-4.48%"
"14.12.2017","32.160","32.410","33.150","31.530","3.61M","-0.46%"
"13.12.2017","32.310","32.330","32.500","32.020","5.45M","0.62%"
"11.12.2017","32.110","32.500","33.130","31.760","1.96M","-0.96%"
"08.12.2017","32.420","31.890","32.500","31.410","907.02K","2.99%"
"07.12.2017","31.480","31.510","31.930","31.230","1.35M","0.22%"
"06.12.2017","31.410","32.410","32.410","31.300","4.19M","-2.85%"
"05.12.2017","32.330","32.340","32.650","31.990","2.46M","0.22%"
"04.12.2017","32.260","32.730","33.490","32.020","3.96M","-3.33%"
"01.12.2017","33.370","33.000","33.500","32.500","2.29M","1.37%"
"30.11.2017","32.920","34.160","34.180","32.300","6.29M","-3.40%"
"29.11.2017","34.080","33.980","34.150","33.190","2.63M","0.89%"
"28.11.2017","33.780","33.310","34.010","33.010","1.73M","1.69%"
"27.11.2017","33.220","33.850","34.030","32.530","958.73K","-1.63%"
"24.11.2017","33.770","33.960","34.200","33.620","644.44K","-0.32%"
"23.11.2017","33.880","34.090","34.150","33.640","322.81K","-0.38%"
"22.11.2017","34.010","34.900","34.900","33.840","2.80M","-1.36%"
"21.11.2017","34.480","33.480","34.840","33.480","2.76M","3.98%"
"17.11.2017","33.160","33.500","33.570","33.040","1.86M","-0.57%"
"16.11.2017","33.350","32.990","33.490","32.910","1.91M","1.34%"
"15.11.2017","32.910","32.990","33.210","32.310","4.05M","0.49%"
"14.11.2017","32.750","32.830","33.210","32.550","2.17M","-0.06%"
"13.11.2017","32.770","32.940","33.240","31.840","2.51M","-0.27%"
"10.11.2017","32.860","33.520","33.520","32.720","1.72M","-2.03%"
"09.11.2017","33.540","32.710","33.640","32.500","5.07M","2.88%"
"08.11.2017","32.600","32.980","32.980","32.330","3.78M","-0.43%"
"07.11.2017","32.740","33.970","34.000","32.500","3.47M","-2.39%"
"06.11.2017","33.540","33.200","33.990","32.540","4.05M","1.39%"
"03.11.2017","33.080","32.810","33.200","32.030","7.23M","1.25%"
"01.11.2017","32.670","33.030","33.030","32.530","6.25M","-0.85%"
"31.10.2017","32.950","33.000","33.100","32.630","2.98M","1.07%"
"30.10.2017","32.600","32.110","33.350","32.110","1.44M","0.15%"
"27.10.2017","32.550","31.800","32.750","31.800","3.97M","1.43%"
"26.10.2017","32.090","31.700","32.730","31.500","3.41M","1.23%"
"25.10.2017","31.700","31.800","32.350","31.500","3.60M","-1.25%"
"24.10.2017","32.100","31.970","32.380","31.660","1.91M","0.85%"
"23.10.2017","31.830","32.000","32.120","31.500","2.07M","-1.03%"
"20.10.2017","32.160","32.080","32.400","31.990","1.59M","0.50%"
"19.10.2017","32.000","31.670","32.300","31.660","1.32M","0.25%"
"18.10.2017","31.920","31.760","32.980","31.550","2.15M","-1.21%"
"17.10.2017","32.310","32.200","33.100","31.670","6.03M","0.47%"
"16.10.2017","32.160","32.730","33.400","32.030","8.48M","-1.98%"
"13.10.2017","32.810","32.520","33.160","32.520","2.63M","-0.24%"
"12.10.2017","32.890","33.240","33.280","32.650","3.43M","0.24%"
"11.10.2017","32.810","33.360","33.360","32.550","2.25M","-0.49%"
"10.10.2017","32.970","32.880","33.390","32.850","4.07M","0.49%"
"09.10.2017","32.810","33.400","33.400","32.430","1.15M","0.15%"
"06.10.2017","32.760","32.560","33.120","32.510","5.72M","0.46%"
"05.10.2017","32.610","33.270","33.430","32.580","7.99M","-1.72%"
"04.10.2017","33.180","32.900","33.350","32.860","2.50M","1.10%"
"03.10.2017","32.820","33.000","33.470","32.750","1.56M","-0.36%"
"02.10.2017","32.940","33.490","33.500","32.870","3.15M","-1.11%"
"29.09.2017","33.310","32.890","33.420","32.530","1.82M","1.03%"
"28.09.2017","32.970","32.900","33.500","32.380","2.46M","-1.20%"
"27.09.2017","33.370","32.990","33.460","32.600","2.95M","1.12%"
"26.09.2017","33.000","32.900","33.100","32.760","1.79M","0.43%"
"25.09.2017","32.860","32.590","32.990","32.250","3.14M","0.95%"
"22.09.2017","32.550","32.400","32.900","32.400","1.44M","-0.43%"
"21.09.2017","32.690","32.490","32.850","32.050","1.43M","1.05%"
"20.09.2017","32.350","32.700","32.700","32.050","985.27K","-0.89%"
"19.09.2017","32.640","32.720","32.720","32.060","1.90M","-0.09%"
"18.09.2017","32.670","32.210","32.730","31.950","2.81M","1.33%"
"15.09.2017","32.240","31.500","32.400","31.170","9.18M","1.86%"
"14.09.2017","31.650","31.170","31.750","31.020","2.22M","1.02%"
"13.09.2017","31.330","31.930","31.940","31.060","1.80M","-1.45%"
"12.09.2017","31.790","31.500","31.930","30.840","3.87M","0.35%"
"11.09.2017","31.680","31.700","31.840","31.550","5.04M","0.28%"
"08.09.2017","31.590","31.280","31.700","30.740","4.68M","0.96%"
"07.09.2017","31.290","30.900","31.390","30.600","6.03M","1.23%"
"06.09.2017","30.910","29.840","31.000","29.840","5.22M","3.83%"
"05.09.2017","29.770","30.200","30.200","29.660","3.46M","-1.81%"
"04.09.2017","30.320","30.000","30.360","30.000","56.75K","0.00%"
"01.09.2017","30.320","30.180","30.390","29.860","1.44M","1.40%"
"31.08.2017","29.900","30.350","30.400","29.650","2.79M","-1.32%"
"30.08.2017","30.300","30.020","30.410","30.020","4.25M","-0.26%"
"29.08.2017","30.380","30.600","30.600","30.100","2.11M","-0.07%"
"28.08.2017","30.400","30.490","30.530","30.200","2.58M","0.46%"
"25.08.2017","30.260","30.320","30.400","30.000","1.81M","0.90%"
"24.08.2017","29.990","30.180","30.200","29.760","2.18M","-0.40%"
"23.08.2017","30.110","29.510","30.360","29.430","1.60M","1.83%"
"22.08.2017","29.570","29.870","29.970","29.360","1.76M","-0.30%"
"21.08.2017","29.660","29.790","30.120","29.510","1.14M","-0.94%"
"18.08.2017","29.940","30.070","30.150","29.700","901.22K","-0.66%"
"17.08.2017","30.140","30.200","30.390","29.960","1.13M","-0.23%"
"16.08.2017","30.210","30.230","30.660","30.120","2.28M","-0.23%"
"15.08.2017","30.280","30.350","30.740","30.000","1.32M","-1.11%"
"14.08.2017","30.620","30.000","30.710","30.000","1.53M","2.07%"
"11.08.2017","30.000","29.900","30.200","29.800","1.55M","0.74%"
"10.08.2017","29.780","30.700","30.750","29.700","2.06M","-3.22%"
"09.08.2017","30.770","30.540","30.790","30.190","1.57M","0.65%"
"08.08.2017","30.570","30.720","31.140","30.500","3.11M","-0.81%"
"07.08.2017","30.820","30.670","31.040","30.500","4.12M","0.49%"
"04.08.2017","30.670","30.800","30.900","30.480","4.25M","0.62%"
"03.08.2017","30.480","30.840","30.850","30.150","1.93M","-0.91%"
"02.08.2017","30.760","31.870","31.940","30.610","2.67M","-3.51%"
"01.08.2017","31.880","32.170","32.500","31.700","2.82M","-0.90%"
"31.07.2017","32.170","31.850","32.300","31.600","2.89M","-0.16%"
"28.07.2017","32.220","32.250","32.390","31.460","2.19M","-0.09%"
"27.07.2017","32.250","31.900","32.410","31.650","2.43M","0.31%"
"26.07.2017","32.150","32.150","32.200","31.450","1.63M","0.59%"
"25.07.2017","31.960","31.470","32.150","31.440","1.46M","2.08%"
"24.07.2017","31.310","31.600","31.690","30.970","1.48M","-1.97%"
"21.07.2017","31.940","31.680","32.150","31.580","1.81M","0.82%"
"20.07.2017","31.680","32.010","32.200","31.500","689.67K","-1.12%"
"19.07.2017","32.040","32.020","32.280","31.960","840.48K","0.31%"
"18.07.2017","31.940","31.990","32.020","31.400","1.17M","-0.31%"
"17.07.2017","32.040","31.190","32.140","31.190","2.06M","2.33%"
"14.07.2017","31.310","31.110","31.500","31.000","2.17M","0.64%"
"13.07.2017","31.110","30.180","31.190","30.150","4.38M","3.25%"
"12.07.2017","30.130","30.390","30.860","30.060","5.94M","0.00%"
"11.07.2017","30.130","30.490","30.900","30.060","3.87M","-1.15%"
"10.07.2017","30.480","30.560","30.900","30.360","3.33M","-1.07%"
"07.07.2017","30.810","30.420","30.920","30.300","2.32M","0.72%"
"06.07.2017","30.590","30.900","30.950","30.410","2.87M","-0.75%"
"05.07.2017","30.820","31.000","31.270","30.650","1.75M","-0.55%"
"04.07.2017","30.990","30.870","31.200","30.870","383.32K","-0.06%"
"03.07.2017","31.010","31.000","31.380","30.600","995.44K","0.03%"
"30.06.2017","31.000","30.640","31.120","30.410","2.91M","1.17%"
"29.06.2017","30.640","30.660","30.870","30.310","2.96M","-0.39%"
"28.06.2017","30.760","31.150","31.410","30.680","1.95M","-1.16%"
"27.06.2017","31.120","31.360","31.410","30.970","1.73M","-0.70%"
"26.06.2017","31.340","31.510","31.970","31.250","1.95M","-0.63%"
"23.06.2017","31.540","31.370","31.800","31.310","1.92M","0.48%"
"22.06.2017","31.390","31.990","32.300","31.250","3.31M","-2.39%"
"21.06.2017","32.160","31.880","32.500","31.880","1.41M","-0.53%"
"20.06.2017","32.330","31.730","32.450","31.720","1.22M","1.38%"
"19.06.2017","31.890","31.630","32.080","31.500","2.49M","0.82%"
"16.06.2017","31.630","32.080","32.380","30.660","12.51M","-1.53%"
"15.06.2017","32.120","32.250","32.280","31.570","852.29K","-0.77%"
"14.06.2017","32.370","31.610","32.480","31.110","2.39M","2.18%"
"13.06.2017","31.680","32.800","32.830","31.590","1.82M","-3.12%"
"12.06.2017","32.700","32.190","32.800","31.700","1.20M","0.80%"
"09.06.2017","32.440","32.740","32.800","32.260","1.25M","-0.80%"
"08.06.2017","32.700","32.700","32.800","32.550","2.11M","0.77%"
"07.06.2017","32.450","32.400","32.800","32.020","1.41M","-0.09%"
"06.06.2017","32.480","32.630","32.800","32.030","1.11M","-0.46%"
"05.06.2017","32.630","31.990","32.780","31.960","3.25M","2.42%"
"02.06.2017","31.860","31.890","31.980","31.420","1.41M","0.13%"
"01.06.2017","31.820","31.000","31.900","31.000","2.02M","2.98%"
"31.05.2017","30.900","31.990","32.320","30.780","6.76M","-3.59%"
"30.05.2017","32.050","32.160","32.460","31.530","801.20K","-0.80%"
"29.05.2017","32.310","32.410","32.650","32.140","318.75K","-0.31%"
"26.05.2017","32.410","32.540","32.790","32.050","2.69M","0.09%"
"25.05.2017","32.380","32.500","32.800","32.200","1.72M","-0.28%"
"24.05.2017","32.470","31.880","32.740","31.880","1.90M","1.85%"
"23.05.2017","31.880","31.540","32.030","31.300","1.30M","1.08%"
"22.05.2017","31.540","32.280","32.640","31.330","1.13M","-2.29%"
"19.05.2017","32.280","31.450","32.690","31.230","2.64M","3.76%"
"18.05.2017","31.110","31.050","31.590","30.990","1.99M","0.00%"
"17.05.2017","31.110","31.620","31.700","30.850","3.68M","-1.52%"
"16.05.2017","31.590","32.810","32.950","31.550","2.55M","-3.51%"
"15.05.2017","32.740","32.950","32.950","32.410","1.44M","1.61%"
"12.05.2017","32.220","32.650","32.650","32.100","2.26M","-1.71%"
"11.05.2017","32.780","32.660","33.000","32.510","1.58M","-0.40%"
"10.05.2017","32.910","32.800","33.000","32.520","2.25M","1.11%"
"09.05.2017","32.550","32.930","32.930","32.320","1.83M","-1.15%"
"08.05.2017","32.930","32.940","33.150","32.600","1.02M","0.52%"
"05.05.2017","32.760","31.820","33.000","31.520","5.50M","3.28%"
"04.05.2017","31.720","32.700","32.700","31.470","2.15M","-3.50%"
"03.05.2017","32.870","32.700","33.050","31.750","1.83M","0.74%"
"02.05.2017","32.630","31.710","32.920","31.710","1.52M","2.64%"
"28.04.2017","31.790","33.200","33.420","31.600","2.31M","-3.32%"
"27.04.2017","32.880","33.430","33.900","32.740","2.55M","-0.84%"
"26.04.2017","33.160","32.320","33.500","31.510","4.27M","0.97%"
"25.04.2017","32.840","32.650","32.930","32.210","1.97M","1.02%"
"24.04.2017","32.510","32.130","32.800","32.130","1.77M","0.93%"
"21.04.2017","32.210","32.000","32.290","31.330","1.07M","0.91%"
"20.04.2017","31.920","31.850","32.030","31.440","2.12M","1.40%"
"19.04.2017","31.480","31.800","31.880","31.370","2.47M","-0.98%"
"18.04.2017","31.790","30.520","31.900","30.520","2.52M","2.68%"
"17.04.2017","30.960","31.050","31.150","30.650","3.95M","-0.13%"
"12.04.2017","31.000","32.100","32.100","30.910","2.13M","-2.97%"
"11.04.2017","31.950","31.210","32.100","31.000","1.77M","2.47%"
"10.04.2017","31.180","31.670","31.670","30.850","1.80M","-1.08%"
"07.04.2017","31.520","31.030","31.780","30.870","1.30M","1.38%"
"06.04.2017","31.090","31.050","31.480","30.750","1.83M","-0.06%"
"05.04.2017","31.110","31.250","31.750","31.010","2.36M","-1.64%"
"04.04.2017","31.630","31.630","31.860","31.140","1.93M","0.00%"
"03.04.2017","31.630","31.390","31.720","31.340","1.95M","1.93%"
"31.03.2017","31.030","30.710","31.300","30.460","4.75M","1.04%"
"30.03.2017","30.710","31.360","31.770","30.600","4.67M","-1.88%"
"29.03.2017","31.300","32.200","32.300","31.010","3.95M","-3.31%"
"28.03.2017","32.370","31.980","32.690","31.450","2.71M","1.47%"
"27.03.2017","31.900","31.590","31.980","30.330","1.98M","1.46%"
"24.03.2017","31.440","30.950","31.780","30.310","5.44M","1.06%"
"23.03.2017","31.110","30.200","31.380","30.190","4.54M","3.12%"
"22.03.2017","30.170","30.000","30.310","29.800","4.39M","0.57%"
"21.03.2017","30.000","30.000","30.330","29.850","3.34M","0.98%"
"17.03.2017","29.710","29.860","30.380","29.500","7.08M","-1.46%"
"16.03.2017","30.150","29.740","30.690","29.740","3.78M","1.28%"
"15.03.2017","29.770","29.230","29.920","29.230","3.08M","1.29%"
"14.03.2017","29.390","29.700","29.980","29.240","5.29M","-1.97%"
"13.03.2017","29.980","30.750","30.750","29.650","3.80M","-1.70%"
"10.03.2017","30.500","30.120","30.700","30.100","2.23M","1.26%"
"09.03.2017","30.120","30.040","30.250","29.790","2.05M","-0.36%"
"08.03.2017","30.230","29.430","30.320","29.430","2.43M","2.89%"
"07.03.2017","29.380","30.100","30.250","29.250","1.62M","-2.03%"
"06.03.2017","29.990","29.360","30.010","29.150","2.45M","2.78%"
"03.03.2017","29.180","28.980","29.390","28.640","1.49M","1.32%"
"02.03.2017","28.800","29.090","29.290","28.580","2.05M","-0.14%"
"01.03.2017","28.840","28.800","29.430","28.430","2.46M","0.56%"
"28.02.2017","28.680","28.760","29.000","28.240","4.77M","-0.45%"
"27.02.2017","28.810","28.490","29.140","28.330","3.24M","0.17%"
"24.02.2017","28.760","28.630","28.990","28.100","5.60M","0.14%"
"23.02.2017","28.720","29.250","29.340","28.100","2.22M","-0.97%"
"22.02.2017","29.000","29.500","29.800","28.900","1.27M","-2.32%"
"21.02.2017","29.690","28.950","29.800","28.890","2.11M","2.20%"
"20.02.2017","29.050","28.550","29.170","28.550","955.86K","1.57%"
"17.02.2017","28.600","29.140","29.140","28.510","2.00M","-0.90%"
"16.02.2017","28.860","29.180","29.240","28.660","3.32M","-0.31%"
"15.02.2017","28.950","29.130","29.200","28.400","8.00M","-0.14%"
"14.02.2017","28.990","29.980","30.110","28.900","4.52M","-3.27%"
"13.02.2017","29.970","29.920","30.250","29.800","2.86M","-0.33%"
"10.02.2017","30.070","30.230","30.970","29.760","3.66M","0.43%"
"09.02.2017","29.940","29.990","30.500","29.790","3.54M","-0.13%"
"08.02.2017","29.980","29.620","30.250","29.510","2.48M","1.22%"
"07.02.2017","29.620","30.520","30.800","29.410","7.73M","-3.46%"
"03.02.2017","30.680","29.850","30.800","29.850","4.24M","1.96%"
"02.02.2017","30.090","30.450","30.690","29.800","3.58M","0.10%"
"01.02.2017","30.060","31.100","31.100","29.890","8.10M","-2.75%"
"31.01.2017","30.910","31.710","31.710","30.800","7.87M","-1.87%"
"30.01.2017","31.500","31.800","32.000","30.750","3.21M","0.90%"
"27.01.2017","31.220","30.800","31.640","30.520","2.47M","0.52%"
"26.01.2017","31.060","30.500","31.670","30.250","1.97M","-2.42%"
"25.01.2017","31.830","30.960","32.200","30.720","4.61M","2.81%"
"24.01.2017","30.960","30.500","31.140","30.400","3.75M","1.44%"
"23.01.2017","30.520","29.220","30.580","29.220","1.93M","3.39%"
"20.01.2017","29.520","29.030","29.980","29.030","1.81M","0.92%"
"19.01.2017","29.250","29.200","29.480","29.000","1.49M","-0.41%"
"18.01.2017","29.370","29.650","30.000","29.200","3.28M","-0.71%"
"17.01.2017","29.580","29.450","29.750","29.450","3.78M","-0.10%"
"16.01.2017","29.610","29.630","30.140","29.480","739.97K","-1.43%"
"13.01.2017","30.040","29.660","30.870","29.650","2.50M","1.25%"
"12.01.2017","29.670","30.110","30.430","29.380","2.52M","-1.72%"
"11.01.2017","30.190","30.040","30.730","29.960","1.99M","-0.92%"
"10.01.2017","30.470","30.230","30.800","29.730","1.28M","0.86%"
"09.01.2017","30.210","30.010","30.450","29.490","1.74M","0.53%"
"06.01.2017","30.050","31.320","31.370","30.000","2.13M","-3.28%"
"05.01.2017","31.070","30.900","31.350","30.700","2.16M","0.58%"
"04.01.2017","30.890","30.640","31.040","30.410","2.62M","1.85%"
"03.01.2017","30.330","31.590","31.650","29.620","1.92M","-3.25%"
"02.01.2017","31.350","31.370","31.390","31.250","130.98K","-0.06%"
"30.12.2016","31.370","31.100","31.600","30.700","3.22M","0.87%"
"29.12.2016","31.100","31.000","31.240","30.520","2.58M","0.78%"
"28.12.2016","30.860","30.500","31.000","30.310","1.60M","1.05%"
"27.12.2016","30.540","30.390","30.740","30.360","1.76M","0.63%"
"26.12.2016","30.350","30.310","30.410","30.260","421.61K","0.13%"
"23.12.2016","30.310","29.450","30.470","29.010","1.60M","2.71%"
"22.12.2016","29.510","29.270","29.870","28.770","6.02M","1.10%"
"21.12.2016","29.190","29.720","29.850","29.150","3.58M","-1.45%"
"20.12.2016","29.620","29.500","30.080","29.350","5.08M","0.00%"
"19.12.2016","29.620","29.260","29.770","29.170","4.25M","1.23%"
"16.12.2016","29.260","29.210","29.600","29.010","6.89M","-0.78%"
"15.12.2016","29.490","29.540","29.760","29.370","5.68M","-0.17%"
"14.12.2016","29.540","30.300","30.310","29.410","3.89M","-2.28%"
"13.12.2016","30.230","29.150","30.480","29.100","8.78M","4.46%"
"09.12.2016","28.940","28.750","29.100","28.020","4.54M","1.15%"
"08.12.2016","28.610","27.240","28.980","27.230","3.98M","5.38%"
"07.12.2016","27.150","27.420","27.720","27.050","2.42M","-0.59%"
"06.12.2016","27.310","27.590","27.700","26.890","3.56M","2.17%"
"05.12.2016","26.730","26.500","27.450","26.500","3.88M","0.72%"
"02.12.2016","26.540","26.870","27.210","26.050","3.32M","-1.23%"
"01.12.2016","26.870","28.300","28.310","26.760","3.99M","-4.24%"
"30.11.2016","28.060","27.400","28.450","26.900","7.62M","3.43%"
"29.11.2016","27.130","27.020","27.550","26.820","2.06M","0.15%"
"28.11.2016","27.090","26.830","27.530","26.600","2.68M","0.97%"
"25.11.2016","26.830","26.520","27.190","26.330","1.63M","0.71%"
"24.11.2016","26.640","26.310","26.760","26.310","967.82K","0.79%"
"23.11.2016","26.430","26.750","27.010","26.210","6.13M","-1.05%"
"22.11.2016","26.710","27.370","27.870","26.510","2.39M","-2.52%"
"18.11.2016","27.400","27.940","27.940","27.130","3.99M","-1.76%"
"17.11.2016","27.890","27.550","28.440","27.550","3.51M","0.04%"
"16.11.2016","27.880","27.590","28.250","27.500","5.24M","0.36%"
"15.11.2016","27.780","28.740","28.930","27.430","6.00M","-2.08%"
"14.11.2016","28.370","27.800","29.000","27.720","9.15M","2.09%"
"11.11.2016","27.790","27.800","28.300","27.000","7.76M","2.32%"
"10.11.2016","27.160","29.000","29.110","27.000","8.83M","-5.96%"
"09.11.2016","28.880","28.900","30.190","28.000","7.64M","-5.56%"
"08.11.2016","30.580","30.040","30.760","29.760","1.77M","2.27%"
"07.11.2016","29.900","29.070","30.330","29.070","4.90M","3.25%"
"04.11.2016","28.960","29.040","29.840","28.750","4.09M","-0.28%"
"03.11.2016","29.040","29.760","30.140","28.870","4.47M","-2.55%"
"01.11.2016","29.800","30.670","30.820","29.200","4.15M","-2.84%"
"31.10.2016","30.670","30.650","30.850","30.250","1.81M","-0.62%"
"28.10.2016","30.860","31.060","31.670","30.330","2.57M","-1.81%"
"27.10.2016","31.430","30.480","31.650","30.250","1.72M","3.29%"
"26.10.2016","30.430","31.330","31.600","30.350","3.19M","-2.56%"
"25.10.2016","31.230","31.860","32.390","31.050","1.80M","-2.31%"
"24.10.2016","31.970","31.680","32.070","31.230","1.36M","2.08%"
"21.10.2016","31.320","31.700","31.810","31.250","1.35M","-1.60%"
"20.10.2016","31.830","32.000","32.050","31.530","1.86M","-0.41%"
"19.10.2016","31.960","31.120","32.000","31.000","2.94M","2.44%"
"18.10.2016","31.200","30.280","31.270","30.060","7.10M","3.31%"
"17.10.2016","30.200","30.260","30.280","29.900","2.69M","0.40%"
"14.10.2016","30.080","30.430","30.500","30.020","3.63M","-0.99%"
"13.10.2016","30.380","30.640","30.730","30.030","2.97M","-1.27%"
"12.10.2016","30.770","30.790","30.940","30.580","2.18M","0.00%"
"11.10.2016","30.770","31.200","31.200","30.700","2.80M","-0.36%"
"10.10.2016","30.880","30.970","31.310","30.830","1.95M","0.82%"
"07.10.2016","30.630","31.200","31.200","30.570","1.92M","-1.13%"
"06.10.2016","30.980","31.020","31.370","30.900","2.58M","-0.74%"
"05.10.2016","31.210","31.000","31.480","31.000","2.11M","0.42%"
"04.10.2016","31.080","30.680","31.480","30.680","2.73M","1.37%"
"03.10.2016","30.660","30.550","30.900","30.310","1.32M","0.20%"
"30.09.2016","30.600","31.790","31.840","30.420","7.53M","-2.73%"
"29.09.2016","31.460","31.420","31.850","31.050","4.21M","0.13%"
"28.09.2016","31.420","31.000","31.670","30.990","3.37M","1.29%"
"27.09.2016","31.020","30.700","31.110","30.110","7.25M","2.01%"
"26.09.2016","30.410","31.020","31.200","30.220","3.67M","-3.03%"
"23.09.2016","31.360","32.400","32.410","30.910","5.67M","-3.86%"
"22.09.2016","32.620","31.300","32.720","31.060","3.49M","4.69%"
"21.09.2016","31.160","30.910","31.380","30.800","3.35M","0.97%"
"20.09.2016","30.860","31.600","31.600","30.760","4.06M","-2.43%"
"19.09.2016","31.630","32.340","32.350","31.580","7.93M","-2.20%"
"15.09.2016","32.340","31.820","32.580","31.750","12.13M","1.32%"
"14.09.2016","31.920","31.700","32.550","31.700","9.80M","-1.60%"
"13.09.2016","32.440","31.830","32.490","31.660","5.07M","1.28%"
"12.09.2016","32.030","31.610","32.210","31.010","5.53M","-0.25%"
"09.09.2016","32.110","32.350","32.500","32.050","8.89M","-1.20%"
"08.09.2016","32.500","32.560","32.600","32.400","3.53M","-0.34%"
"07.09.2016","32.610","32.600","32.700","32.370","5.41M","-0.15%"
"06.09.2016","32.660","32.310","32.780","32.300","3.81M","1.24%"
"05.09.2016","32.260","32.200","32.690","32.080","303.00K","-0.74%"
"02.09.2016","32.500","32.000","32.900","32.000","1.61M","0.15%"
"01.09.2016","32.450","32.900","32.930","32.230","2.65M","-1.07%"
"31.08.2016","32.800","32.170","32.980","32.130","3.94M","1.42%"
"30.08.2016","32.340","32.570","32.800","32.180","3.15M","-0.80%"
"29.08.2016","32.600","32.890","32.890","32.240","4.93M","0.87%"
"26.08.2016","32.320","32.260","32.900","32.170","4.68M","0.22%"
"25.08.2016","32.250","32.180","32.400","31.920","3.09M","0.22%"
"24.08.2016","32.180","31.770","32.320","31.700","2.06M","1.29%"
"23.08.2016","31.770","32.230","32.550","31.710","3.96M","-1.55%"
"22.08.2016","32.270","32.020","32.520","31.940","4.77M","0.25%"
"19.08.2016","32.190","32.530","32.530","32.040","2.94M","-1.11%"
"18.08.2016","32.550","32.840","32.880","32.060","2.97M","-0.88%"
"17.08.2016","32.840","32.650","32.880","31.910","4.23M","0.49%"
"16.08.2016","32.680","32.750","32.810","32.400","3.10M","0.28%"
"15.08.2016","32.590","31.250","32.740","31.180","8.70M","4.29%"
"12.08.2016","31.250","31.360","31.650","30.760","2.63M","-0.19%"
"11.08.2016","31.310","30.940","31.600","30.890","3.56M","1.56%"
"10.08.2016","30.830","31.000","31.300","30.450","2.39M","0.06%"
"09.08.2016","30.810","31.100","31.200","30.700","2.97M","-0.10%"
"08.08.2016","30.840","30.590","31.000","30.330","2.82M","0.98%"
"05.08.2016","30.540","30.130","30.620","30.120","2.51M","1.36%"
"04.08.2016","30.130","30.020","30.270","29.910","4.31M","-0.30%"
"03.08.2016","30.220","29.850","30.500","29.800","6.29M","0.97%"
"02.08.2016","29.930","30.490","30.490","29.800","6.38M","-1.84%"
"01.08.2016","30.490","29.900","30.690","29.900","1.80M","1.19%"
"29.07.2016","30.130","30.050","30.730","29.860","7.13M","-1.41%"
"28.07.2016","30.560","31.040","31.050","29.790","6.06M","-1.93%"
"27.07.2016","31.160","31.300","31.370","30.700","4.20M","-0.51%"
"26.07.2016","31.320","31.610","31.830","31.210","3.37M","-0.98%"
"25.07.2016","31.630","32.000","32.200","31.450","2.85M","-1.59%"
"22.07.2016","32.140","31.520","32.500","31.350","1.99M","0.94%"
"21.07.2016","31.840","31.730","32.090","31.250","1.90M","1.66%"
"20.07.2016","31.320","31.210","31.740","31.210","1.89M","-0.35%"
"19.07.2016","31.430","31.930","32.150","31.030","1.70M","-0.95%"
"18.07.2016","31.730","32.200","32.400","31.240","1.51M","-0.53%"
"15.07.2016","31.900","31.950","31.990","31.590","2.00M","0.38%"
"14.07.2016","31.780","31.720","32.400","31.280","6.00M","1.40%"
"13.07.2016","31.340","31.590","31.900","30.950","2.10M","-0.79%"
"12.07.2016","31.590","31.600","31.850","31.160","3.42M","0.70%"
"11.07.2016","31.370","31.190","31.810","30.990","4.70M","0.48%"
"08.07.2016","31.220","31.400","31.750","30.820","2.19M","-1.58%"
"07.07.2016","31.720","31.180","31.980","30.980","3.26M","2.22%"
"06.07.2016","31.030","31.380","31.490","30.510","2.32M","0.10%"
"05.07.2016","31.000","31.870","31.880","30.810","1.64M","-2.67%"
"04.07.2016","31.850","32.420","32.440","31.560","850.14K","-1.76%"
"01.07.2016","32.420","31.250","32.500","31.200","4.83M","4.58%"
"30.06.2016","31.000","30.750","31.270","30.750","4.86M","0.81%"
"29.06.2016","30.750","30.400","30.990","30.140","4.38M","2.57%"
"28.06.2016","29.980","30.000","30.490","29.700","3.88M","1.90%"
"27.06.2016","29.420","30.620","30.620","29.000","3.00M","-3.67%"
"24.06.2016","30.540","29.650","30.880","29.500","2.69M","-0.23%"
"23.06.2016","30.610","30.550","30.800","30.400","3.60M","0.76%"
"22.06.2016","30.380","30.400","30.540","30.300","1.39M","-0.16%"
"21.06.2016","30.430","30.500","30.880","30.200","7.38M","0.36%"
"20.06.2016","30.320","30.640","30.960","30.240","1.46M","-0.39%"
"17.06.2016","30.440","30.000","30.630","29.950","5.31M","1.20%"
"16.06.2016","30.080","30.500","30.500","29.830","1.85M","-0.63%"
"15.06.2016","30.270","30.100","30.720","30.100","2.29M","-0.39%"
"14.06.2016","30.390","30.280","30.520","30.030","2.92M","0.36%"
"13.06.2016","30.280","30.550","30.700","29.950","3.95M","-1.72%"
"10.06.2016","30.810","31.500","31.900","30.700","6.43M","-2.96%"
"09.06.2016","31.750","32.230","32.400","31.640","1.45M","-1.21%"
"08.06.2016","32.140","32.400","32.690","32.100","2.93M","-0.53%"
"07.06.2016","32.310","32.390","32.700","32.300","1.97M","-0.62%"
"06.06.2016","32.510","32.000","32.600","31.830","1.80M","1.72%"
"03.06.2016","31.960","31.340","32.040","31.060","1.60M","1.40%"
"02.06.2016","31.520","31.380","31.750","30.830","1.96M","0.38%"
"01.06.2016","31.400","30.780","31.500","30.520","3.07M","2.01%"
"31.05.2016","30.780","31.770","31.770","30.550","9.43M","-2.10%"
"30.05.2016","31.440","31.410","31.630","31.250","1.34M","-0.44%"
"27.05.2016","31.580","31.500","32.000","31.300","2.16M","0.32%"
"26.05.2016","31.480","31.300","31.600","31.080","4.11M","-0.06%"
"25.05.2016","31.500","31.100","31.750","31.100","3.00M","1.51%"
"24.05.2016","31.030","30.650","31.380","30.650","2.50M","0.98%"
"23.05.2016","30.730","31.430","31.510","30.600","2.09M","-2.20%"
"20.05.2016","31.420","31.740","32.050","31.310","3.02M","-1.01%"
"19.05.2016","31.740","32.500","32.500","31.510","4.24M","-2.58%"
"18.05.2016","32.580","32.330","32.680","32.100","3.89M","-0.34%"
"17.05.2016","32.690","32.770","32.790","32.300","1.83M","-0.37%"
"16.05.2016","32.810","32.010","33.000","32.010","2.98M","2.53%"
"13.05.2016","32.000","32.250","32.570","31.900","2.93M","-0.93%"
"12.05.2016","32.300","32.580","33.140","32.250","2.47M","0.09%"
"11.05.2016","32.270","32.590","32.730","32.200","3.87M","-0.98%"
"10.05.2016","32.590","32.580","32.850","32.240","2.39M","0.80%"
"09.05.2016","32.330","32.750","32.750","32.060","5.03M","-1.37%"
"06.05.2016","32.780","33.000","33.190","32.460","1.81M","-1.24%"
"05.05.2016","33.190","33.790","33.790","33.100","3.45M","-1.92%"
"04.05.2016","33.840","33.910","33.930","33.400","3.12M","-0.29%"
"03.05.2016","33.940","34.000","34.100","33.640","2.59M","-1.54%"
"02.05.2016","34.470","33.830","34.510","33.520","1.26M","2.04%"
"29.04.2016","33.780","34.370","34.500","33.620","3.11M","-0.79%"
"28.04.2016","34.050","35.000","35.000","33.800","3.59M","-2.77%"
"27.04.2016","35.020","34.190","35.210","34.150","3.95M","2.52%"
"26.04.2016","34.160","35.030","35.030","33.760","3.83M","-2.34%"
"25.04.2016","34.980","34.560","35.500","34.500","2.46M","0.69%"
"22.04.2016","34.740","34.880","35.300","34.520","1.10M","-0.46%"
"21.04.2016","34.900","35.400","35.760","34.500","1.80M","-1.69%"
"20.04.2016","35.500","35.500","35.850","35.220","2.12M","-0.14%"
"19.04.2016","35.550","35.070","35.810","34.500","1.99M","1.37%"
"18.04.2016","35.070","35.040","36.170","34.200","2.84M","-0.76%"
"15.04.2016","35.340","35.360","35.980","34.790","1.83M","-0.98%"
"14.04.2016","35.690","34.620","36.000","34.520","4.82M","3.09%"
"13.04.2016","34.620","35.100","35.350","34.460","1.56M","-0.89%"
"12.04.2016","34.930","33.730","35.090","33.570","1.33M","3.50%"
"11.04.2016","33.750","33.890","34.450","33.660","1.29M","-0.41%"
"08.04.2016","33.890","34.060","34.300","33.200","2.00M","-0.03%"
"07.04.2016","33.900","33.800","33.950","32.800","2.62M","1.07%"
"06.04.2016","33.540","33.250","34.140","33.240","2.43M","0.57%"
"05.04.2016","33.350","34.460","34.460","33.020","1.40M","-3.42%"
"04.04.2016","34.530","35.750","35.750","34.160","2.27M","-2.98%"
"01.04.2016","35.590","34.430","35.900","34.430","2.10M","3.19%"
"31.03.2016","34.490","35.200","36.200","34.340","3.33M","-1.85%"
"30.03.2016","35.140","34.500","36.000","34.500","3.02M","1.50%"
"29.03.2016","34.620","34.890","35.110","34.500","2.83M","-0.80%"
"28.03.2016","34.900","36.160","36.160","34.560","2.12M","-3.00%"
"23.03.2016","35.980","35.300","36.190","34.500","2.21M","1.67%"
"22.03.2016","35.390","35.000","35.660","34.210","3.42M","-0.76%"
"18.03.2016","35.660","35.000","36.800","34.680","10.99M","2.00%"
"17.03.2016","34.960","34.750","35.000","34.690","5.59M","0.60%"
"16.03.2016","34.750","34.340","34.900","34.340","3.41M","0.38%"
"15.03.2016","34.620","34.510","35.000","34.340","1.75M","-0.20%"
"14.03.2016","34.690","35.000","35.000","34.310","3.22M","0.26%"
"11.03.2016","34.600","35.000","35.000","34.210","3.66M","-0.94%"
"10.03.2016","34.930","34.500","35.000","33.760","2.87M","2.92%"
"09.03.2016","33.940","34.150","34.990","33.720","3.56M","-0.61%"
"08.03.2016","34.150","34.010","34.940","34.010","3.89M","-1.78%"
"07.03.2016","34.770","34.250","34.980","33.990","2.02M","2.20%"
"04.03.2016","34.020","34.250","35.000","33.790","4.25M","-0.47%"
"03.03.2016","34.180","33.600","34.430","33.470","3.59M","0.97%"
"02.03.2016","33.850","32.700","34.330","32.680","5.64M","3.42%"
"01.03.2016","32.730","32.480","32.890","32.220","4.29M","1.08%"
"29.02.2016","32.380","32.000","32.490","31.590","2.98M","1.38%"
"26.02.2016","31.940","32.370","32.480","31.390","1.15M","-0.53%"
"25.02.2016","32.110","32.600","32.600","31.870","2.93M","-1.08%"
"24.02.2016","32.460","31.790","32.520","31.360","3.98M","2.04%"
"23.02.2016","31.810","32.300","32.310","31.660","1.72M","-1.06%"
"22.02.2016","32.150","32.250","32.540","32.090","2.07M","0.00%"
"19.02.2016","32.150","32.210","32.220","31.890","2.51M","0.19%"
"18.02.2016","32.090","31.190","32.350","31.190","3.45M","0.03%"
"17.02.2016","32.080","31.300","32.200","31.040","5.36M","2.85%"
"16.02.2016","31.190","30.210","31.270","30.060","2.55M","3.48%"
"15.02.2016","30.140","29.810","30.280","29.620","1.67M","0.90%"
"12.02.2016","29.870","29.600","30.200","29.250","2.73M","-0.10%"
"11.02.2016","29.900","30.000","30.040","29.240","4.21M","-0.93%"
"10.02.2016","30.180","29.650","30.280","29.270","3.60M","2.13%"
"09.02.2016","29.550","29.880","29.880","29.050","2.18M","-1.20%"
"08.02.2016","29.910","29.400","30.070","29.000","1.79M","0.44%"
"05.02.2016","29.780","30.690","30.690","29.700","2.00M","-2.14%"
"04.02.2016","30.430","29.400","30.730","29.400","3.62M","3.19%"
"03.02.2016","29.490","29.450","29.730","28.810","3.43M","0.79%"
"02.02.2016","29.260","29.140","29.420","28.130","6.12M","0.41%"
"29.01.2016","29.140","27.730","29.410","27.730","6.52M","4.15%"
"28.01.2016","27.980","27.820","28.280","27.760","11.15M","0.58%"
"27.01.2016","27.820","27.600","28.380","27.600","5.29M","-0.39%"
"26.01.2016","27.930","27.810","28.280","27.640","2.49M","0.18%"
"25.01.2016","27.880","28.310","28.660","27.660","1.95M","-1.52%"
"22.01.2016","28.310","28.320","28.800","28.210","2.74M","0.28%"
"21.01.2016","28.230","28.010","28.920","28.010","5.26M","-0.67%"
"20.01.2016","28.420","28.010","28.510","26.920","7.26M","1.46%"
"19.01.2016","28.010","28.900","28.900","27.910","5.37M","-2.20%"
"18.01.2016","28.640","27.970","28.730","27.900","1.24M","2.32%"
"15.01.2016","27.990","28.500","28.820","27.710","4.42M","-2.10%"
"14.01.2016","28.590","28.770","29.190","28.450","5.63M","-0.52%"
"13.01.2016","28.740","28.970","29.180","28.410","5.53M","-0.31%"
"12.01.2016","28.830","29.220","29.640","28.410","9.26M","-1.33%"
"11.01.2016","29.220","28.300","29.500","28.300","9.83M","1.81%"
"08.01.2016","28.700","28.650","29.000","28.350","5.53M","0.63%"
"07.01.2016","28.520","29.100","29.170","28.500","4.48M","-2.30%"
"06.01.2016","29.190","29.510","29.650","29.150","4.57M","-1.39%"
"05.01.2016","29.600","30.130","30.250","29.350","3.30M","-1.17%"
"04.01.2016","29.950","30.600","30.680","29.800","1.87M","-3.70%"
"31.12.2015","31.100","30.790","31.300","30.790","1.77M","0.45%"
"30.12.2015","30.960","31.000","31.540","30.800","1.76M","-1.90%"
"29.12.2015","31.560","32.050","32.050","31.380","2.03M","-0.47%"
"28.12.2015","31.710","31.440","32.010","31.260","1.21M","0.79%"
"24.12.2015","31.460","31.520","31.730","31.200","395.69K","-0.16%"
"23.12.2015","31.510","31.680","31.970","30.960","3.27M","-0.13%"
"22.12.2015","31.550","32.330","32.380","31.390","3.21M","-1.99%"
"21.12.2015","32.190","31.280","32.320","31.270","3.41M","2.09%"
"18.12.2015","31.530","31.780","31.980","31.180","6.58M","-0.25%"
"17.12.2015","31.610","31.650","31.810","31.150","4.90M","1.38%"
"16.12.2015","31.180","31.360","32.100","31.070","3.86M","-0.73%"
"15.12.2015","31.410","30.670","32.000","30.670","8.41M","2.51%"
"14.12.2015","30.640","31.290","31.460","30.490","6.97M","-3.47%"
"11.12.2015","31.740","31.450","32.010","31.050","2.77M","0.57%"
"10.12.2015","31.560","31.500","31.900","31.350","2.45M","0.29%"
"09.12.2015","31.470","31.590","32.050","31.280","1.68M","0.58%"
"08.12.2015","31.290","31.710","32.100","30.930","3.35M","-1.01%"
"07.12.2015","31.610","32.310","32.600","31.510","2.48M","-2.95%"
"04.12.2015","32.570","31.800","32.950","31.800","5.01M","3.10%"
"03.12.2015","31.590","31.700","32.410","30.110","8.45M","-2.32%"
"02.12.2015","32.340","32.420","32.550","31.430","3.77M","-0.25%"
"01.12.2015","32.420","31.710","32.680","31.360","6.18M","2.24%"
"30.11.2015","31.710","31.260","31.970","31.100","22.50M","0.86%"
"27.11.2015","31.440","31.800","31.970","31.210","2.12M","-1.41%"
"26.11.2015","31.890","31.520","31.980","31.200","1.23M","1.17%"
"25.11.2015","31.520","32.050","32.500","31.440","2.31M","-1.65%"
"24.11.2015","32.050","32.360","32.390","32.010","1.54M","-1.81%"
"23.11.2015","32.640","32.760","33.000","32.520","2.65M","-0.43%"
"20.11.2015","32.780","32.290","33.000","32.110","1.87M","1.52%"
"19.11.2015","32.290","32.290","32.460","32.000","2.32M","0.97%"
"18.11.2015","31.980","31.630","32.340","31.560","2.74M","1.14%"
"17.11.2015","31.620","32.640","32.850","31.530","6.57M","-3.10%"
"13.11.2015","32.630","33.370","33.500","32.400","3.39M","-2.07%"
"12.11.2015","33.320","33.800","33.800","33.150","1.85M","-1.07%"
"11.11.2015","33.680","33.660","34.500","33.650","1.73M","-0.62%"
"10.11.2015","33.890","33.650","33.980","33.650","2.81M","0.18%"
"09.11.2015","33.830","33.860","34.300","33.700","3.71M","-0.70%"
"06.11.2015","34.070","34.650","34.700","33.650","3.60M","-0.76%"
"05.11.2015","34.330","34.400","34.780","34.200","3.11M","-0.84%"
"04.11.2015","34.620","34.300","34.800","34.300","2.86M","0.41%"
"03.11.2015","34.480","33.250","34.940","33.160","4.85M","3.82%"
"30.10.2015","33.210","33.700","33.720","33.000","3.57M","-1.63%"
"29.10.2015","33.760","33.930","34.070","33.610","2.65M","-1.60%"
"28.10.2015","34.310","34.010","34.490","33.750","4.14M","-0.67%"
"27.10.2015","34.540","34.380","34.750","34.220","2.09M","-0.58%"
"26.10.2015","34.740","34.410","34.790","34.300","1.78M","0.90%"
"23.10.2015","34.430","33.780","34.580","33.610","2.77M","1.12%"
"22.10.2015","34.050","33.430","34.170","33.390","2.08M","0.83%"
"21.10.2015","33.770","34.000","34.000","33.240","2.15M","-0.32%"
"20.10.2015","33.880","32.480","33.990","32.450","4.46M","4.41%"
"19.10.2015","32.450","32.490","32.850","32.200","3.27M","0.75%"
"16.10.2015","32.210","33.530","33.540","32.100","6.34M","-2.66%"
"15.10.2015","33.090","33.630","33.920","32.900","2.77M","-1.43%"
"14.10.2015","33.570","33.950","34.070","33.490","1.62M","-0.68%"
"13.10.2015","33.800","33.960","34.200","33.700","3.08M","-0.56%"
"12.10.2015","33.990","34.060","34.780","33.910","3.30M","-0.73%"
"09.10.2015","34.240","34.170","34.650","34.140","2.44M","-0.64%"
"08.10.2015","34.460","34.400","34.900","33.940","2.03M","0.88%"
"07.10.2015","34.160","34.350","34.730","33.800","4.26M","0.35%"
"06.10.2015","34.040","34.400","34.400","33.700","2.24M","-0.64%"
"05.10.2015","34.260","34.000","34.680","34.000","2.76M","1.39%"
"02.10.2015","33.790","34.650","34.680","33.700","2.85M","-2.71%"
"01.10.2015","34.730","35.270","35.350","34.060","2.16M","-0.60%"
"30.09.2015","34.940","34.620","35.400","34.420","4.08M","0.87%"
"29.09.2015","34.640","33.440","34.990","33.440","1.79M","3.53%"
"28.09.2015","33.460","33.800","34.730","33.260","2.58M","-1.50%"
"25.09.2015","33.970","34.830","35.170","33.840","2.03M","-2.61%"
"24.09.2015","34.880","34.580","35.340","34.200","2.72M","0.69%"
"23.09.2015","34.640","35.350","35.350","34.530","3.11M","-1.56%"
"22.09.2015","35.190","35.750","35.760","35.100","2.94M","-2.36%"
"21.09.2015","36.040","36.460","36.460","35.900","1.87M","-1.40%"
"18.09.2015","36.550","36.050","36.800","35.740","4.85M","0.22%"
"17.09.2015","36.470","35.900","37.260","35.440","5.51M","2.59%"
"15.09.2015","35.550","34.740","35.900","34.590","1.89M","2.60%"
"14.09.2015","34.650","34.180","35.000","34.180","1.10M","0.38%"
"11.09.2015","34.520","34.170","35.000","34.150","1.25M","-0.23%"
"10.09.2015","34.600","34.100","34.780","34.100","1.53M","0.93%"
"09.09.2015","34.280","35.160","35.160","34.220","1.42M","-1.97%"
"08.09.2015","34.970","34.900","35.330","34.680","2.35M","0.09%"
"07.09.2015","34.940","34.010","35.070","34.010","396.41K","1.25%"
"04.09.2015","34.510","34.900","35.000","33.850","2.49M","-1.15%"
"03.09.2015","34.910","34.400","35.100","34.190","2.20M","1.78%"
"02.09.2015","34.300","34.360","35.370","34.000","2.94M","-1.27%"
"01.09.2015","34.740","34.800","35.490","34.400","2.83M","-1.73%"
"31.08.2015","35.350","35.380","35.520","34.400","4.97M","0.43%"
"28.08.2015","35.200","35.400","35.400","34.780","8.40M","0.17%"
"27.08.2015","35.140","33.770","35.370","33.770","3.09M","2.27%"
"26.08.2015","34.360","34.450","34.590","33.620","3.28M","0.73%"
"25.08.2015","34.110","34.150","34.490","33.610","4.12M","1.76%"
"24.08.2015","33.520","33.260","33.670","32.500","4.72M","-1.90%"
"21.08.2015","34.170","34.000","34.490","33.960","2.79M","-1.13%"
"20.08.2015","34.560","33.990","34.750","33.230","2.30M","1.32%"
"19.08.2015","34.110","34.700","35.150","34.000","1.86M","-2.07%"
"18.08.2015","34.830","35.230","35.400","34.700","1.99M","-0.66%"
"17.08.2015","35.060","35.200","35.330","34.760","2.65M","-0.90%"
"14.08.2015","35.380","36.130","36.400","35.310","1.55M","-2.02%"
"13.08.2015","36.110","35.610","36.400","35.250","2.59M","1.40%"
"12.08.2015","35.610","36.110","36.190","35.000","3.43M","-1.52%"
"11.08.2015","36.160","36.550","36.960","36.020","1.99M","-2.59%"
"10.08.2015","37.120","36.270","37.200","36.270","1.72M","1.73%"
"07.08.2015","36.490","36.310","36.760","36.190","802.83K","0.69%"
"06.08.2015","36.240","36.730","36.730","36.070","1.05M","-0.58%"
"05.08.2015","36.450","37.100","37.240","35.920","2.56M","-1.78%"
"04.08.2015","37.110","36.800","37.400","36.500","1.94M","-0.46%"
"03.08.2015","37.280","36.010","37.390","36.010","1.89M","1.91%"
"31.07.2015","36.580","36.460","36.780","36.010","3.31M","1.08%"
"30.07.2015","36.190","35.300","36.390","35.250","1.48M","2.09%"
"29.07.2015","35.450","35.200","36.000","35.200","1.84M","-0.08%"
"28.07.2015","35.480","35.900","36.350","35.220","3.51M","-0.98%"
"27.07.2015","35.830","36.350","36.350","35.650","1.98M","-2.08%"
"24.07.2015","36.590","36.300","36.770","35.800","1.73M","0.94%"
"23.07.2015","36.250","36.170","36.800","35.840","1.66M","0.28%"
"22.07.2015","36.150","36.650","37.030","36.010","2.89M","-2.06%"
"21.07.2015","36.910","37.390","37.510","36.700","2.88M","-0.65%"
"20.07.2015","37.150","37.040","37.320","36.750","867.49K","0.54%"
"17.07.2015","36.950","37.340","37.500","36.500","1.32M","-1.04%"
"16.07.2015","37.340","37.170","37.500","36.720","2.17M","0.92%"
"15.07.2015","37.000","36.180","37.110","35.800","1.89M","2.69%"
"14.07.2015","36.030","35.620","36.280","35.610","1.55M","0.03%"
"13.07.2015","36.020","36.090","36.200","35.610","2.18M","0.28%"
"10.07.2015","35.920","36.000","36.400","35.800","3.54M","-0.86%"
"09.07.2015","36.230","35.850","36.400","35.420","1.49M","1.80%"
"08.07.2015","35.590","35.100","35.850","35.100","2.12M","0.03%"
"07.07.2015","35.580","35.100","35.740","34.840","1.80M","0.25%"
"06.07.2015","35.490","35.280","35.600","34.810","2.65M","0.31%"
"03.07.2015","35.380","35.600","35.780","35.350","639.30K","-1.17%"
"02.07.2015","35.800","35.270","35.930","35.270","3.07M","1.50%"
"01.07.2015","35.270","35.650","35.850","35.100","3.13M","-0.98%"
"30.06.2015","35.620","34.360","35.720","34.260","6.87M","3.79%"
"29.06.2015","34.320","35.220","35.340","34.150","2.66M","-3.51%"
"26.06.2015","35.570","35.840","35.840","35.270","1.20M","0.62%"
"25.06.2015","35.350","35.250","35.590","35.250","2.80M","-0.23%"
"24.06.2015","35.430","35.680","35.960","35.290","2.02M","-0.78%"
"23.06.2015","35.710","35.870","35.920","35.550","2.09M","-0.50%"
"22.06.2015","35.890","35.520","35.990","35.310","1.47M","0.81%"
"19.06.2015","35.600","35.780","35.780","35.110","7.20M","0.14%"
"18.06.2015","35.550","35.570","35.920","35.310","3.09M","-0.39%"
"17.06.2015","35.690","35.400","35.900","35.200","1.63M","0.54%"
"16.06.2015","35.500","35.200","35.780","35.200","1.45M","0.20%"
"15.06.2015","35.430","36.280","36.280","35.300","817.05K","-1.86%"
"12.06.2015","36.100","36.510","36.510","35.850","5.85M","-0.91%"
"11.06.2015","36.430","35.750","36.510","35.600","3.43M","2.02%"
"10.06.2015","35.710","35.900","36.050","35.500","4.24M","0.45%"
"09.06.2015","35.550","35.650","35.840","35.110","6.22M","0.40%"
"08.06.2015","35.410","35.250","35.740","35.060","1.34M","0.23%"
"05.06.2015","35.330","35.530","35.600","35.000","1.07M","0.54%"
"04.06.2015","35.140","35.000","35.720","34.620","2.47M","0.03%"
"03.06.2015","35.130","35.500","35.740","35.050","2.87M","-0.96%"
"02.06.2015","35.470","35.500","35.680","35.200","2.36M","-0.87%"
"01.06.2015","35.780","35.020","36.190","35.000","2.32M","1.73%"
"29.05.2015","35.170","35.500","35.980","35.010","6.65M","-1.54%"
"28.05.2015","35.720","35.850","35.860","35.210","2.15M","-0.89%"
"27.05.2015","36.040","35.900","36.350","35.750","3.93M","-0.06%"
"26.05.2015","36.060","36.960","36.960","35.880","3.61M","-2.17%"
"25.05.2015","36.860","36.660","36.990","36.430","316.25K","0.55%"
"22.05.2015","36.660","36.610","36.970","36.350","3.57M","0.03%"
"21.05.2015","36.650","36.950","37.000","36.610","1.48M","-0.87%"
"20.05.2015","36.970","37.060","37.310","36.750","3.12M","-0.30%"
"19.05.2015","37.080","37.190","37.500","36.900","3.53M","-0.11%"
"18.05.2015","37.120","36.470","37.180","36.390","2.12M","1.50%"
"15.05.2015","36.570","36.650","36.770","36.380","3.08M","0.27%"
"14.05.2015","36.470","37.200","37.200","36.270","3.48M","-0.90%"
"13.05.2015","36.800","36.920","37.250","36.700","1.90M","-0.05%"
"12.05.2015","36.820","37.250","37.660","36.520","3.86M","-1.13%"
"11.05.2015","37.240","37.660","37.670","37.120","3.43M","-0.85%"
"08.05.2015","37.560","37.600","37.880","37.100","5.75M","0.67%"
"07.05.2015","37.310","36.890","37.430","36.610","1.53M","1.30%"
"06.05.2015","36.830","37.400","37.550","36.510","3.60M","-0.78%"
"05.05.2015","37.120","37.450","37.890","37.000","3.05M","0.22%"
"04.05.2015","37.040","36.630","37.400","36.430","3.92M","1.12%"
"30.04.2015","36.630","38.000","38.000","36.260","7.41M","-2.84%"
"29.04.2015","37.700","38.160","38.850","37.510","2.35M","-1.26%"
"28.04.2015","38.180","39.070","39.740","38.100","1.97M","-1.57%"
"27.04.2015","38.790","39.820","39.820","38.610","1.34M","-1.35%"
"24.04.2015","39.320","39.260","39.640","38.990","1.08M","0.33%"
"23.04.2015","39.190","38.800","39.550","38.750","2.42M","0.44%"
"22.04.2015","39.020","39.490","39.490","38.890","3.77M","-0.81%"
"21.04.2015","39.340","39.130","39.490","39.050","1.66M","0.54%"
"20.04.2015","39.130","39.320","39.600","39.000","7.97M","-0.43%"
"17.04.2015","39.300","40.210","40.210","39.050","2.10M","-2.29%"
"16.04.2015","40.220","39.500","40.360","39.500","2.27M","1.21%"
"15.04.2015","39.740","40.380","40.590","39.650","3.89M","-1.51%"
"14.04.2015","40.350","40.520","41.000","40.210","1.92M","-0.91%"
"13.04.2015","40.720","39.500","40.950","39.120","2.78M","2.67%"
"10.04.2015","39.660","39.790","39.900","39.040","8.04M","0.23%"
"09.04.2015","39.570","39.050","39.990","39.050","5.33M","0.46%"
"08.04.2015","39.390","38.490","39.690","38.370","8.12M","2.34%"
"07.04.2015","38.490","39.780","39.780","38.310","6.07M","-2.61%"
"06.04.2015","39.520","38.260","39.750","38.140","1.69M","3.10%"
"01.04.2015","38.330","38.500","38.940","38.070","2.41M","-0.49%"
"31.03.2015","38.520","38.400","38.750","38.100","2.73M","-0.34%"
"30.03.2015","38.650","38.600","39.080","38.040","2.28M","-0.51%"
"27.03.2015","38.850","37.500","39.000","37.300","2.72M","3.60%"
"26.03.2015","37.500","39.000","39.090","37.270","4.69M","-4.02%"
"25.03.2015","39.070","39.610","40.290","38.810","3.37M","-2.30%"
"24.03.2015","39.990","39.800","40.300","39.610","2.24M","-0.02%"
"23.03.2015","40.000","39.830","40.340","39.500","1.59M","0.63%"
"20.03.2015","39.750","40.300","40.950","39.530","3.82M","0.03%"
"19.03.2015","39.740","40.400","40.980","39.600","2.72M","-2.17%"
"18.03.2015","40.620","39.320","40.940","39.110","2.80M","2.86%"
"17.03.2015","39.490","39.310","40.750","39.310","2.63M","0.00%"
"13.03.2015","39.490","40.170","40.960","39.200","2.93M","-1.69%"
"12.03.2015","40.170","40.010","41.000","40.000","1.61M","0.50%"
"11.03.2015","39.970","40.010","40.050","39.530","2.81M","-0.25%"
"10.03.2015","40.070","40.800","40.990","39.920","8.81M","-2.15%"
"09.03.2015","40.950","40.760","41.240","40.700","2.87M","-0.46%"
"06.03.2015","41.140","41.500","41.590","40.010","8.21M","-1.53%"
"05.03.2015","41.780","40.900","42.020","40.900","4.36M","1.04%"
"04.03.2015","41.350","41.750","41.850","41.000","2.24M","-1.15%"
"03.03.2015","41.830","41.200","42.030","41.200","2.19M","-0.83%"
"02.03.2015","42.180","41.600","42.910","41.590","4.66M","0.48%"
"27.02.2015","41.980","42.100","42.310","40.720","4.05M","-1.18%"
"26.02.2015","42.480","41.780","42.800","41.200","5.22M","2.16%"
"25.02.2015","41.580","41.200","41.800","41.200","3.44M","0.36%"
"24.02.2015","41.430","39.970","41.560","39.970","4.99M","3.29%"
"23.02.2015","40.110","39.990","40.480","39.600","4.03M","1.08%"
"20.02.2015","39.680","39.360","40.300","39.360","1.14M","0.10%"
"19.02.2015","39.640","39.400","40.300","39.360","1.23M","-0.38%"
"18.02.2015","39.790","39.800","40.270","39.500","5.86M","-0.52%"
"17.02.2015","40.000","39.560","40.160","39.230","1.09M","1.06%"
"16.02.2015","39.580","39.750","39.750","39.230","239.66K","-0.28%"
"13.02.2015","39.690","39.330","39.750","39.300","2.04M","0.86%"
"12.02.2015","39.350","38.310","39.700","38.310","2.01M","1.97%"
"11.02.2015","38.590","39.130","39.790","38.320","5.99M","-1.86%"
"10.02.2015","39.320","39.950","39.950","39.130","4.29M","-1.63%"
"09.02.2015","39.970","40.000","40.220","39.660","1.67M","-0.62%"
"06.02.2015","40.220","39.770","40.600","39.720","2.59M","0.55%"
"05.02.2015","40.000","41.420","41.420","39.600","2.11M","-1.28%"
"04.02.2015","40.520","40.010","41.500","39.900","3.21M","1.27%"
"03.02.2015","40.010","38.800","40.690","38.450","3.15M","3.52%"
"30.01.2015","38.650","39.800","40.370","38.160","6.32M","-5.48%"
"29.01.2015","40.890","40.010","40.990","39.760","4.04M","1.51%"
"28.01.2015","40.280","40.820","40.970","40.020","2.34M","-1.32%"
"27.01.2015","40.820","40.280","40.970","39.720","2.77M","1.34%"
"26.01.2015","40.280","39.260","40.740","39.260","5.83M","0.75%"
"23.01.2015","39.980","40.600","40.600","39.740","1.52M","-1.36%"
"22.01.2015","40.530","39.400","40.770","39.390","3.56M","2.84%"
"21.01.2015","39.410","37.800","39.930","37.750","3.57M","4.34%"
"20.01.2015","37.770","38.320","38.820","37.130","2.69M","-0.53%"
"19.01.2015","37.970","38.210","38.750","37.870","368.13K","-0.47%"
"16.01.2015","38.150","37.100","38.900","37.100","1.39M","2.25%"
"15.01.2015","37.310","38.620","38.620","36.540","3.27M","-2.71%"
"14.01.2015","38.350","38.500","39.990","38.110","8.28M","-2.12%"
"13.01.2015","39.180","39.150","39.890","38.930","4.93M","0.10%"
"12.01.2015","39.140","39.050","39.610","38.790","7.22M","-0.58%"
"09.01.2015","39.370","39.000","39.690","39.000","2.66M","0.08%"
"08.01.2015","39.340","38.600","39.690","38.600","1.94M","2.42%"
"07.01.2015","38.410","37.040","38.760","37.040","2.59M","3.64%"
"06.01.2015","37.060","36.560","37.480","36.300","2.32M","0.30%"
"05.01.2015","36.950","37.220","37.600","36.150","4.36M","-0.54%"
"02.01.2015","37.150","37.900","38.500","36.300","2.23M","-2.44%"
"31.12.2014","38.080","37.900","38.390","37.500","1.60M","0.13%"
"30.12.2014","38.030","38.000","38.170","37.500","1.02M","-0.70%"
"29.12.2014","38.300","37.700","38.500","37.460","2.15M","1.94%"
"26.12.2014","37.570","37.200","37.890","37.010","813.66K","0.99%"
"24.12.2014","37.200","37.350","37.500","37.060","429.16K","-0.77%"
"23.12.2014","37.490","37.540","37.670","37.030","432.96K","-0.11%"
"22.12.2014","37.530","37.750","37.750","36.780","4.31M","0.19%"
"19.12.2014","37.460","37.100","37.700","36.580","4.09M","1.77%"
"18.12.2014","36.810","35.500","37.750","35.500","4.57M","4.48%"
"17.12.2014","35.230","35.190","35.500","34.050","4.14M","0.92%"
"16.12.2014","34.910","34.370","36.100","32.600","3.67M","1.87%"
"15.12.2014","34.270","34.250","34.980","33.800","9.03M","0.47%"
"11.12.2014","34.110","33.300","34.950","33.300","4.88M","2.46%"
"10.12.2014","33.290","33.890","34.290","32.500","6.42M","-1.74%"
"09.12.2014","33.880","34.700","34.710","33.330","5.92M","-2.36%"
"08.12.2014","34.700","35.400","35.670","33.500","2.00M","0.43%"
"05.12.2014","34.550","34.280","34.840","34.210","2.34M","1.35%"
"04.12.2014","34.090","34.870","35.190","33.900","2.86M","-2.21%"
"03.12.2014","34.860","35.730","35.730","34.510","2.83M","-1.47%"
"02.12.2014","35.380","36.700","36.880","35.200","2.49M","-2.43%"
"01.12.2014","36.260","37.510","37.510","35.900","4.55M","-3.38%"
"28.11.2014","37.530","37.960","38.000","36.880","2.83M","-1.13%"
"27.11.2014","37.960","37.230","38.020","37.230","620.73K","1.50%"
"26.11.2014","37.400","37.300","37.510","36.860","1.50M","-0.03%"
"25.11.2014","37.410","37.460","37.900","37.100","3.51M","-0.69%"
"24.11.2014","37.670","38.100","38.300","37.300","2.47M","-0.61%"
"21.11.2014","37.900","39.260","39.270","37.720","2.41M","-2.27%"
"20.11.2014","38.780","38.850","39.400","38.300","1.65M","-0.49%"
"19.11.2014","38.970","37.960","39.400","37.310","1.69M","2.74%"
"18.11.2014","37.930","38.350","38.350","37.320","1.25M","-1.66%"
"14.11.2014","38.570","38.970","38.970","37.860","1.75M","0.50%"
"13.11.2014","38.380","38.680","38.680","37.600","3.01M","-0.78%"
"12.11.2014","38.680","38.570","38.960","38.310","2.08M","-0.05%"
"11.11.2014","38.700","39.050","39.240","38.500","1.48M","-0.90%"
"10.11.2014","39.050","39.340","39.570","38.700","2.69M","0.26%"
"07.11.2014","38.950","39.520","39.700","38.560","2.50M","-2.18%"
"06.11.2014","39.820","39.730","40.140","39.500","1.97M","-0.55%"
"05.11.2014","40.040","40.000","40.260","39.680","1.61M","0.50%"
"04.11.2014","39.840","39.780","40.150","39.670","1.50M","-1.19%"
"03.11.2014","40.320","40.150","40.780","39.630","1.98M","-0.30%"
"31.10.2014","40.440","39.900","40.650","39.650","2.66M","2.07%"
"30.10.2014","39.620","38.680","39.880","38.680","2.72M","3.02%"
"29.10.2014","38.460","39.000","39.690","38.000","4.07M","-1.94%"
"28.10.2014","39.220","39.880","39.970","39.010","6.25M","-0.48%"
"27.10.2014","39.410","39.800","40.170","39.030","1.16M","-2.16%"
"24.10.2014","40.280","39.230","40.500","38.670","1.12M","3.71%"
"23.10.2014","38.840","38.100","39.370","38.100","1.61M","2.53%"
"22.10.2014","37.880","37.500","38.280","37.450","1.76M","1.15%"
"21.10.2014","37.450","37.530","38.230","37.330","2.48M","-0.37%"
"20.10.2014","37.590","38.000","38.700","37.500","2.40M","-2.13%"
"17.10.2014","38.410","38.420","38.690","37.910","1.18M","0.87%"
"16.10.2014","38.080","37.300","38.460","36.900","2.07M","1.28%"
"15.10.2014","37.600","37.610","38.010","37.000","2.52M","-0.53%"
"14.10.2014","37.800","37.650","37.990","37.370","1.81M","1.02%"
"13.10.2014","37.420","37.100","38.280","37.100","1.54M","0.32%"
"10.10.2014","37.300","37.670","37.900","37.010","1.53M","-0.90%"
"09.10.2014","37.640","38.040","38.160","37.460","2.42M","-0.11%"
"08.10.2014","37.680","38.250","38.330","37.500","3.16M","-1.80%"
"07.10.2014","38.370","39.390","39.390","38.100","3.79M","-2.09%"
"06.10.2014","39.190","39.150","40.290","38.960","5.23M","0.20%"
"03.10.2014","39.110","38.300","39.580","38.300","2.60M","1.85%"
"02.10.2014","38.400","38.340","38.780","38.020","3.31M","0.18%"
"01.10.2014","38.330","38.500","39.010","38.020","3.19M","-0.47%"
"30.09.2014","38.510","38.630","39.190","38.370","3.54M","-0.31%"
"29.09.2014","38.630","38.750","38.790","38.000","1.84M","-0.31%"
"26.09.2014","38.750","39.390","39.390","38.670","3.16M","-0.95%"
"25.09.2014","39.120","38.880","39.270","38.270","2.33M","0.95%"
"24.09.2014","38.750","39.300","39.450","38.570","1.26M","-0.67%"
"23.09.2014","39.010","39.730","39.740","38.860","2.77M","-1.74%"
"22.09.2014","39.700","40.050","40.050","38.410","7.53M","-0.75%"
"19.09.2014","40.000","40.610","41.290","39.850","7.10M","-2.37%"
"18.09.2014","40.970","40.630","41.160","40.430","11.52M","1.34%"
"17.09.2014","40.430","39.200","40.500","39.200","3.78M","3.11%"
"15.09.2014","39.210","38.690","40.250","38.690","2.91M","1.16%"
"12.09.2014","38.760","39.110","39.340","38.400","2.93M","-0.59%"
"11.09.2014","38.990","39.280","39.360","38.870","3.63M","-0.74%"
"10.09.2014","39.280","39.500","39.900","39.100","2.17M","-1.36%"
"09.09.2014","39.820","39.910","40.150","39.500","4.19M","-0.45%"
"08.09.2014","40.000","40.520","40.610","39.810","2.95M","-1.19%"
"05.09.2014","40.480","41.000","41.000","40.410","699.93K","-0.49%"
"04.09.2014","40.680","40.860","40.930","40.610","1.88M","-0.44%"
"03.09.2014","40.860","40.170","40.880","40.170","3.19M","1.21%"
"02.09.2014","40.370","40.370","40.590","39.950","3.39M","0.52%"
"01.09.2014","40.160","39.600","40.350","39.600","1.27M","1.08%"
"29.08.2014","39.730","40.580","40.800","39.450","6.50M","-1.61%"
"28.08.2014","40.380","40.000","40.530","39.940","3.00M","0.55%"
"27.08.2014","40.160","41.000","41.150","40.000","3.53M","-1.62%"
"26.08.2014","40.820","41.440","41.670","40.600","4.01M","-0.99%"
"25.08.2014","41.230","42.000","42.000","41.020","4.98M","-1.13%"
"22.08.2014","41.700","41.750","41.800","41.250","4.19M","0.77%"
"21.08.2014","41.380","41.370","41.780","41.100","2.76M","-0.48%"
"20.08.2014","41.580","41.800","42.000","41.140","1.50M","0.12%"
"19.08.2014","41.530","42.030","42.050","41.400","2.88M","-0.69%"
"18.08.2014","41.820","42.350","42.500","41.760","2.73M","-0.57%"
"15.08.2014","42.060","42.720","42.870","41.990","666.30K","-0.73%"
"14.08.2014","42.370","43.000","43.000","42.010","3.01M","-0.05%"
"13.08.2014","42.390","42.390","42.810","42.200","2.00M","0.45%"
"12.08.2014","42.200","42.440","42.500","42.000","1.61M","-0.07%"
"11.08.2014","42.230","42.000","42.500","41.640","2.04M","1.88%"
"08.08.2014","41.450","41.800","41.810","41.120","1.20M","-0.14%"
"07.08.2014","41.510","41.150","41.600","41.000","1.17M","1.74%"
"06.08.2014","40.800","41.790","41.790","40.000","8.36M","-2.32%"
"05.08.2014","41.770","42.400","42.400","40.830","1.86M","-0.55%"
"04.08.2014","42.000","40.890","42.200","40.890","3.48M","2.19%"
"01.08.2014","41.100","40.860","41.800","40.280","2.42M","2.09%"
"31.07.2014","40.260","40.430","40.600","39.670","2.21M","-0.35%"
"30.07.2014","40.400","40.920","41.520","39.900","1.91M","-1.46%"
"29.07.2014","41.000","40.000","42.490","39.980","5.54M","3.02%"
"28.07.2014","39.800","39.350","39.930","39.260","2.19M","1.89%"
"25.07.2014","39.060","38.900","39.250","38.370","2.50M","1.01%"
"24.07.2014","38.670","38.110","38.790","37.900","1.60M","2.19%"
"23.07.2014","37.840","37.750","38.400","37.510","1.00M","0.40%"
"22.07.2014","37.690","38.120","38.630","37.460","1.13M","-1.49%"
"21.07.2014","38.260","38.430","38.690","38.050","1.41M","-0.13%"
"18.07.2014","38.310","38.240","38.700","38.100","1.65M","0.18%"
"17.07.2014","38.240","38.870","38.960","38.050","1.21M","-1.39%"
"16.07.2014","38.780","39.070","39.090","38.430","2.11M","0.15%"
"15.07.2014","38.720","38.830","39.140","38.100","2.95M","-0.23%"
"14.07.2014","38.810","38.060","39.080","38.060","2.36M","1.28%"
"11.07.2014","38.320","38.740","39.190","38.120","1.54M","-0.57%"
"10.07.2014","38.540","38.300","38.900","38.040","1.57M","-0.77%"
"09.07.2014","38.840","38.260","39.000","38.030","3.05M","0.65%"
"08.07.2014","38.590","38.510","39.010","38.400","2.24M","-0.10%"
"07.07.2014","38.630","38.510","39.000","38.260","3.25M","0.29%"
"04.07.2014","38.520","38.990","38.990","38.500","227.31K","-0.47%"
"03.07.2014","38.700","38.740","39.240","38.600","2.36M","0.55%"
"02.07.2014","38.490","38.210","38.720","37.750","4.08M","0.97%"
"01.07.2014","38.120","38.480","38.980","37.760","3.08M","-0.94%"
"30.06.2014","38.480","38.990","38.990","37.740","3.02M","0.03%"
"27.06.2014","38.470","38.490","39.420","38.130","6.25M","-0.10%"
"26.06.2014","38.510","39.590","39.590","38.150","8.93M","-1.76%"
"25.06.2014","39.200","39.730","39.800","39.050","16.52M","-1.26%"
"24.06.2014","39.700","39.830","39.830","39.150","2.24M","-0.08%"
"23.06.2014","39.730","40.030","40.030","38.850","2.11M","-0.75%"
"20.06.2014","40.030","39.200","40.500","38.710","10.96M","2.35%"
"19.06.2014","39.110","38.480","39.230","38.010","3.15M","2.68%"
"18.06.2014","38.090","37.760","38.530","37.370","3.95M","0.87%"
"17.06.2014","37.760","37.600","38.000","37.170","1.67M","0.43%"
"16.06.2014","37.600","36.650","37.700","36.270","1.61M","2.59%"
"13.06.2014","36.650","37.270","37.500","36.300","8.75M","-1.16%"
"12.06.2014","37.080","37.700","37.700","36.640","4.65M","-0.67%"
"11.06.2014","37.330","36.530","37.710","36.530","2.40M","1.33%"
"10.06.2014","36.840","36.250","36.990","36.110","3.68M","1.80%"
"09.06.2014","36.190","35.970","37.240","35.970","1.74M","0.61%"
"06.06.2014","35.970","35.790","36.250","35.660","5.16M","0.50%"
"05.06.2014","35.790","36.000","36.600","35.710","3.02M","-0.31%"
"04.06.2014","35.900","36.140","36.140","35.490","1.74M","-0.66%"
"03.06.2014","36.140","35.800","36.200","35.420","3.95M","1.15%"
"02.06.2014","35.730","35.230","35.960","34.810","3.29M","1.42%"
"30.05.2014","35.230","36.300","36.350","35.040","6.69M","-2.63%"
"29.05.2014","36.180","35.870","36.480","35.350","8.56M","0.86%"
"28.05.2014","35.870","35.210","35.970","35.020","1.97M","2.11%"
"27.05.2014","35.130","35.390","35.390","34.910","1.95M","-0.03%"
"26.05.2014","35.140","35.100","35.390","34.890","315.55K","0.77%"
"23.05.2014","34.870","35.350","35.440","34.720","1.74M","-0.77%"
"22.05.2014","35.140","35.300","35.470","34.980","21.09M","0.31%"
"21.05.2014","35.030","35.670","35.740","34.970","24.01M","-0.88%"
"20.05.2014","35.340","35.350","35.750","35.050","2.37M","0.23%"
"19.05.2014","35.260","35.650","35.890","35.000","6.48M","-0.40%"
"16.05.2014","35.400","35.140","35.640","35.000","17.66M","1.03%"
"15.05.2014","35.040","36.180","36.180","34.970","3.01M","-3.20%"
"14.05.2014","36.200","36.050","36.750","34.910","5.51M","0.42%"
"13.05.2014","36.050","35.780","36.380","35.780","3.15M","1.32%"
"12.05.2014","35.580","35.970","36.390","35.490","1.91M","-0.53%"
"09.05.2014","35.770","35.740","35.900","35.440","1.36M","1.19%"
"08.05.2014","35.350","35.500","35.970","35.090","2.04M","-0.11%"
"07.05.2014","35.390","34.980","35.610","34.820","1.32M","1.23%"
"06.05.2014","34.960","35.100","35.300","34.640","2.35M","0.40%"
"05.05.2014","34.820","34.900","34.940","34.000","1.50M","-0.23%"
"02.05.2014","34.900","34.100","35.110","33.440","4.36M","4.30%"
"30.04.2014","33.460","34.570","34.880","33.290","6.95M","-2.73%"
"29.04.2014","34.400","36.050","36.050","34.290","9.63M","-3.72%"
"28.04.2014","35.730","35.590","36.290","35.360","2.52M","1.13%"
"25.04.2014","35.330","35.250","35.660","35.080","3.00M","-0.28%"
"24.04.2014","35.430","35.420","35.700","35.150","5.77M","0.20%"
"23.04.2014","35.360","35.470","35.510","35.060","4.42M","-0.31%"
"22.04.2014","35.470","35.280","35.720","35.020","3.01M","1.37%"
"21.04.2014","34.990","35.450","35.850","34.880","1.70M","-0.85%"
"16.04.2014","35.290","34.460","35.480","34.460","3.19M","2.20%"
"15.04.2014","34.530","34.680","34.910","34.060","1.91M","0.15%"
"14.04.2014","34.480","35.080","35.080","34.060","1.90M","-1.23%"
"11.04.2014","34.910","34.340","35.020","33.920","3.12M","1.66%"
"10.04.2014","34.340","34.540","34.950","33.920","1.98M","-0.06%"
"09.04.2014","34.360","34.600","34.700","33.940","3.00M","-0.17%"
"08.04.2014","34.420","33.830","34.600","33.770","3.77M","1.44%"
"07.04.2014","33.930","32.830","34.000","32.370","4.57M","1.34%"
"04.04.2014","33.480","33.840","34.140","33.260","4.68M","-0.33%"
"03.04.2014","33.590","33.820","33.940","32.650","5.20M","-1.09%"
"02.04.2014","33.960","33.150","34.300","33.000","7.65M","2.94%"
"01.04.2014","32.990","33.760","33.940","32.610","4.08M","-1.82%"
"31.03.2014","33.600","32.940","33.850","32.300","3.77M","1.27%"
"28.03.2014","33.180","33.270","33.790","32.690","2.29M","-0.18%"
"27.03.2014","33.240","32.290","33.470","31.900","2.62M","3.01%"
"26.03.2014","32.270","31.710","32.390","31.710","2.92M","0.88%"
"25.03.2014","31.990","32.270","32.270","31.480","12.25M","-0.03%"
"24.03.2014","32.000","31.660","32.360","31.650","2.15M","0.57%"
"21.03.2014","31.820","30.330","32.000","30.330","12.50M","5.64%"
"20.03.2014","30.120","29.600","30.500","29.310","4.84M","2.45%"
"19.03.2014","29.400","29.810","30.330","29.250","3.09M","-1.38%"
"18.03.2014","29.810","29.100","29.990","28.950","3.48M","2.44%"
"14.03.2014","29.100","29.540","29.690","28.630","3.70M","-0.85%"
"13.03.2014","29.350","29.890","30.390","28.520","5.98M","-1.91%"
"12.03.2014","29.920","30.760","30.760","29.700","2.66M","-2.25%"
"11.03.2014","30.610","30.820","31.200","30.170","2.17M","-0.68%"
"10.03.2014","30.820","30.920","31.130","30.310","4.01M","-0.16%"
"07.03.2014","30.870","31.160","31.160","30.560","3.06M","-0.74%"
"06.03.2014","31.100","30.510","31.190","30.510","4.01M","2.20%"
"05.03.2014","30.430","30.870","31.000","30.350","2.77M","-0.81%"
"04.03.2014","30.680","30.800","31.160","30.080","2.85M","0.16%"
"03.03.2014","30.630","31.650","31.650","30.210","2.72M","-3.50%"
"28.02.2014","31.740","31.900","31.960","31.070","2.44M","1.21%"
"27.02.2014","31.360","31.170","32.040","31.010","2.17M","-0.13%"
"26.02.2014","31.400","31.770","32.160","30.890","2.64M","-0.76%"
"25.02.2014","31.640","32.750","32.810","31.500","2.68M","-3.09%"
"24.02.2014","32.650","32.230","33.000","32.180","3.22M","2.03%"
"21.02.2014","32.000","31.750","32.300","31.040","1.98M","2.96%"
"20.02.2014","31.080","31.150","31.670","30.900","2.80M","-0.73%"
"19.02.2014","31.310","31.600","31.750","30.510","3.29M","-0.41%"
"18.02.2014","31.440","32.180","32.250","31.200","2.45M","-2.90%"
"17.02.2014","32.380","32.390","32.600","32.100","315.54K","-0.03%"
"14.02.2014","32.390","32.290","32.550","32.020","3.51M","1.22%"
"13.02.2014","32.000","31.780","32.180","31.610","2.41M","0.69%"
"12.02.2014","31.780","32.690","32.690","31.530","6.70M","-2.16%"
"11.02.2014","32.480","32.460","32.730","31.800","4.57M","0.09%"
"10.02.2014","32.450","32.890","32.890","32.300","1.78M","-1.34%"
"07.02.2014","32.890","33.090","33.480","32.570","2.75M","0.18%"
"06.02.2014","32.830","32.860","33.200","32.560","4.29M","-0.21%"
"05.02.2014","32.900","33.350","33.830","32.700","4.48M","-0.06%"
"04.02.2014","32.920","33.400","33.460","32.610","2.72M","-1.29%"
"31.01.2014","33.350","32.810","33.820","32.700","2.85M","0.27%"
"30.01.2014","33.260","32.910","33.400","32.720","1.55M","1.06%"
"29.01.2014","32.910","32.660","33.400","32.420","2.35M","0.24%"
"28.01.2014","32.830","33.550","33.870","32.550","3.35M","-1.05%"
"27.01.2014","33.180","33.200","33.340","32.340","3.64M","0.00%"
"24.01.2014","33.180","34.150","34.330","32.760","6.36M","-3.55%"
"23.01.2014","34.400","34.810","35.400","34.040","3.46M","-2.33%"
"22.01.2014","35.220","35.000","35.500","34.510","2.58M","1.73%"
"21.01.2014","34.620","35.300","35.300","34.300","1.62M","-0.55%"
"20.01.2014","34.810","34.880","35.240","34.630","340.25K","-0.20%"
"17.01.2014","34.880","35.320","35.320","34.550","1.36M","-0.77%"
"16.01.2014","35.150","35.550","35.550","34.900","1.34M","-0.62%"
"15.01.2014","35.370","35.000","35.680","35.000","1.39M","0.57%"
"14.01.2014","35.170","35.140","35.400","34.590","2.49M","0.66%"
"13.01.2014","34.940","35.690","35.700","34.750","1.63M","-2.29%"
"10.01.2014","35.760","35.020","35.800","34.300","2.37M","3.50%"
"09.01.2014","34.550","35.730","35.730","34.110","2.73M","-0.40%"
"08.01.2014","34.690","35.700","35.800","34.570","2.70M","-2.69%"
"07.01.2014","35.650","34.560","35.730","34.560","1.68M","3.33%"
"06.01.2014","34.500","36.100","36.100","34.350","1.75M","-2.71%"
"03.01.2014","35.460","36.820","36.990","35.210","2.31M","-1.28%"
"02.01.2014","35.920","36.740","37.240","35.700","1.89M","-2.73%"
"31.12.2013","36.930","37.300","37.300","36.750","1.11M","-0.24%"
"30.12.2013","37.020","35.780","37.620","35.780","3.39M","2.75%"
"27.12.2013","36.030","35.150","36.200","35.150","1.84M","0.92%"
"26.12.2013","35.700","35.650","36.000","35.260","1.10M","0.08%"
"24.12.2013","35.670","35.990","36.460","35.580","1.27M","-0.53%"
"23.12.2013","35.860","34.100","36.250","34.020","48.16M","4.43%"
"20.12.2013","34.340","34.600","35.000","34.170","5.53M","-0.75%"
"19.12.2013","34.600","34.700","34.920","34.110","1.08M","-0.23%"
"18.12.2013","34.680","34.200","35.390","33.500","6.30M","1.82%"
"17.12.2013","34.060","34.110","34.550","33.820","1.56M","-0.67%"
"16.12.2013","34.290","34.440","34.760","34.080","2.23M","0.26%"
"13.12.2013","34.200","34.030","34.990","33.500","4.35M","-1.01%"
"11.12.2013","34.550","34.300","34.980","34.000","3.50M","-0.12%"
"10.12.2013","34.590","34.480","34.840","34.040","1.96M","1.77%"
"09.12.2013","33.990","34.500","34.680","33.730","3.61M","0.30%"
"06.12.2013","33.890","34.370","35.490","33.580","2.82M","-0.88%"
"05.12.2013","34.190","34.210","35.000","34.020","4.28M","-1.27%"
"04.12.2013","34.630","33.710","35.300","33.710","3.73M","1.49%"
"03.12.2013","34.120","34.050","34.390","33.610","1.57M","0.21%"
"02.12.2013","34.050","34.500","35.640","33.900","2.35M","-1.65%"
"29.11.2013","34.620","34.070","34.990","33.750","3.39M","1.67%"
"28.11.2013","34.050","34.310","34.500","33.610","1.46M","-0.70%"
"27.11.2013","34.290","32.830","34.660","32.790","3.90M","3.97%"
"26.11.2013","32.980","32.800","33.200","32.270","8.61M","0.58%"
"25.11.2013","32.790","33.430","33.450","32.610","2.09M","-1.44%"
"22.11.2013","33.270","32.900","33.350","32.510","1.72M","0.88%"
"21.11.2013","32.980","32.400","33.010","32.400","3.13M","2.04%"
"20.11.2013","32.320","32.820","33.000","32.100","2.71M","-2.00%"
"19.11.2013","32.980","32.500","33.100","32.500","2.17M","0.83%"
"15.11.2013","32.710","32.700","33.350","32.300","3.77M","-0.12%"
"14.11.2013","32.750","31.870","32.900","31.540","3.21M","2.76%"
"13.11.2013","31.870","31.560","32.250","30.510","4.04M","0.92%"
"12.11.2013","31.580","30.750","31.800","30.000","4.69M","2.87%"
"11.11.2013","30.700","31.060","31.220","30.250","2.90M","-1.67%"
"08.11.2013","31.220","31.500","31.730","30.510","3.74M","-1.67%"
"07.11.2013","31.750","32.600","32.610","31.300","1.65M","-2.10%"
"06.11.2013","32.430","32.230","32.730","32.040","2.27M","0.62%"
"05.11.2013","32.230","32.760","32.760","31.750","4.16M","-1.53%"
"04.11.2013","32.730","32.660","32.970","32.550","2.18M","0.71%"
"01.11.2013","32.500","33.250","33.250","32.380","4.07M","-3.30%"
"31.10.2013","33.610","33.630","33.810","33.540","4.59M","-0.30%"
"30.10.2013","33.710","33.720","34.100","33.600","1.03M","-0.06%"
"29.10.2013","33.730","34.120","34.330","33.520","2.28M","-1.14%"
"28.10.2013","34.120","33.620","34.400","33.510","4.84M","1.49%"
"25.10.2013","33.620","33.510","33.900","32.500","2.95M","4.35%"
"24.10.2013","32.220","33.200","33.200","32.100","3.93M","-2.83%"
"23.10.2013","33.160","33.770","33.770","32.820","1.84M","-1.31%"
"22.10.2013","33.600","32.470","33.900","32.420","5.28M","3.35%"
"21.10.2013","32.510","33.400","33.540","32.210","7.77M","-2.43%"
"18.10.2013","33.320","33.100","34.000","32.890","2.26M","1.09%"
"17.10.2013","32.960","32.770","33.920","32.750","2.95M","-0.42%"
"16.10.2013","33.100","33.510","33.920","32.760","2.16M","0.12%"
"15.10.2013","33.060","34.000","34.330","32.940","2.78M","-4.03%"
"14.10.2013","34.450","33.380","34.560","32.690","3.91M","2.81%"
"11.10.2013","33.510","33.000","33.790","32.960","3.69M","1.64%"
"10.10.2013","32.970","32.420","33.150","31.880","5.52M","2.14%"
"09.10.2013","32.280","32.390","32.690","31.830","5.00M","-0.34%"
"08.10.2013","32.390","32.980","33.000","32.010","2.38M","-1.31%"
"07.10.2013","32.820","32.480","32.930","32.000","1.53M","0.92%"
"04.10.2013","32.520","32.070","32.870","32.070","2.58M","-0.73%"
"03.10.2013","32.760","32.320","32.890","31.830","4.43M","0.80%"
"02.10.2013","32.500","30.540","32.730","30.540","4.20M","4.74%"
"01.10.2013","31.030","30.000","31.060","29.690","3.81M","3.47%"
"30.09.2013","29.990","30.700","30.860","29.840","4.71M","-2.72%"
"27.09.2013","30.830","30.910","31.550","30.010","3.25M","-1.53%"
"26.09.2013","31.310","31.900","32.100","31.210","5.48M","-1.76%"
"25.09.2013","31.870","30.580","31.990","30.420","3.72M","3.37%"
"24.09.2013","30.830","31.320","31.340","30.280","2.16M","0.46%"
"23.09.2013","30.690","30.760","31.010","30.010","4.61M","0.46%"
"20.09.2013","30.550","31.500","31.500","30.400","6.01M","-2.58%"
"19.09.2013","31.360","31.170","31.760","31.170","4.83M","0.61%"
"18.09.2013","31.170","30.130","31.490","29.560","3.29M","3.35%"
"17.09.2013","30.160","30.870","31.200","29.810","3.21M","-2.30%"
"13.09.2013","30.870","30.590","30.980","29.790","1.82M","2.39%"
"12.09.2013","30.150","31.160","31.440","29.860","1.89M","-3.58%"
"11.09.2013","31.270","31.500","31.750","30.820","4.48M","0.58%"
"10.09.2013","31.090","30.600","31.200","30.590","6.17M","1.34%"
"09.09.2013","30.680","29.900","30.790","29.900","4.24M","2.71%"
"06.09.2013","29.870","29.290","30.550","29.290","2.49M","1.77%"
"05.09.2013","29.350","29.670","29.780","29.150","1.89M","-2.36%"
"04.09.2013","30.060","29.710","30.350","29.360","3.20M","1.35%"
"03.09.2013","29.660","29.820","30.150","29.050","3.19M","-0.07%"
"02.09.2013","29.680","28.550","30.390","28.480","10.38M","4.21%"
"30.08.2013","28.480","27.480","30.270","27.000","51.59M","4.44%"
"29.08.2013","27.270","27.300","28.080","27.110","3.70M","0.48%"
"28.08.2013","27.140","28.030","28.490","27.000","8.43M","-3.45%"
"27.08.2013","28.110","28.820","28.820","27.370","5.85M","-3.10%"
"26.08.2013","29.010","30.010","30.010","28.800","4.48M","-3.33%"
"23.08.2013","30.010","30.090","30.400","29.900","3.37M","-0.27%"
"22.08.2013","30.090","29.830","30.350","29.820","4.36M","1.24%"
"21.08.2013","29.720","30.050","30.050","29.600","4.04M","-1.10%"
"20.08.2013","30.050","30.280","30.280","29.730","5.83M","0.30%"
"19.08.2013","29.960","31.000","31.000","29.620","9.67M","-4.04%"
"16.08.2013","31.220","31.470","31.690","31.000","2.26M","-1.30%"
"15.08.2013","31.630","31.830","31.830","31.500","2.20M","-0.63%"
"14.08.2013","31.830","31.000","32.070","30.750","8.39M","3.01%"
"13.08.2013","30.900","30.900","31.000","30.600","6.75M","0.62%"
"12.08.2013","30.710","30.840","31.100","30.500","2.49M","-0.23%"
"09.08.2013","30.780","30.680","30.900","30.490","3.80M","0.29%"
"08.08.2013","30.690","30.400","30.900","30.100","3.94M","0.76%"
"07.08.2013","30.460","30.520","30.810","30.000","4.82M","-0.39%"
"06.08.2013","30.580","30.500","31.000","30.160","1.99M","-1.10%"
"05.08.2013","30.920","31.000","31.340","30.670","1.83M","-0.16%"
"02.08.2013","30.970","30.400","31.050","30.260","5.85M","1.87%"
"01.08.2013","30.400","30.300","30.850","29.980","4.86M","1.50%"
"31.07.2013","29.950","29.880","30.140","29.680","3.48M","1.32%"
"30.07.2013","29.560","30.030","30.400","29.080","1.05M","-0.34%"
"29.07.2013","29.660","30.170","30.270","29.500","1.32M","-1.69%"
"26.07.2013","30.170","30.470","30.650","29.490","3.28M","-0.79%"
"25.07.2013","30.410","31.000","31.190","30.200","5.26M","-1.36%"
"24.07.2013","30.830","30.830","31.000","30.110","1.10M","-0.36%"
"23.07.2013","30.940","30.350","31.000","29.830","4.08M","1.94%"
"22.07.2013","30.350","29.000","30.560","28.020","10.56M","4.01%"
"19.07.2013","29.180","29.850","30.010","29.150","6.74M","-2.86%"
"18.07.2013","30.040","30.100","30.140","29.400","5.05M","0.50%"
"17.07.2013","29.890","28.900","30.000","28.850","4.15M","3.43%"
"16.07.2013","28.900","29.300","29.910","28.010","3.73M","-1.50%"
"15.07.2013","29.340","30.000","30.170","29.190","4.95M","-1.94%"
"12.07.2013","29.920","30.640","30.930","29.430","6.69M","-2.45%"
"11.07.2013","30.670","30.170","31.160","29.920","3.59M","1.35%"
"10.07.2013","30.260","31.060","31.500","29.960","3.93M","-1.79%"
"09.07.2013","30.810","31.150","31.950","30.640","7.75M","-0.29%"
"08.07.2013","30.900","31.500","32.200","30.700","4.90M","-0.87%"
"05.07.2013","31.170","31.500","31.600","30.750","5.18M","0.03%"
"04.07.2013","31.160","30.600","31.310","30.600","10.23M","2.20%"
"03.07.2013","30.490","29.350","30.740","28.730","8.24M","1.70%"
"02.07.2013","29.980","29.840","30.400","29.350","11.51M","0.47%"
"01.07.2013","29.840","28.620","29.980","26.000","7.50M","4.26%"
"28.06.2013","28.620","27.580","28.700","27.250","49.18M","4.53%"
"27.06.2013","27.380","27.000","27.540","27.000","16.41M","1.78%"
"26.06.2013","26.900","26.850","27.050","26.000","44.26M","2.20%"
"25.06.2013","26.320","26.880","27.380","26.150","8.65M","-2.84%"
"24.06.2013","27.090","27.400","27.550","26.760","8.50M","-2.41%"
"21.06.2013","27.760","26.300","27.950","26.300","12.94M","5.59%"
"20.06.2013","26.290","27.420","27.690","26.010","5.00M","-5.12%"
"19.06.2013","27.710","29.000","29.140","27.200","5.12M","-4.45%"
"18.06.2013","29.000","28.480","29.270","28.450","7.22M","2.11%"
"17.06.2013","28.400","27.760","28.590","27.610","4.65M","2.01%"
"14.06.2013","27.840","27.930","28.100","27.450","3.63M","0.72%"
"13.06.2013","27.640","27.340","28.400","27.280","3.01M","1.06%"
"12.06.2013","27.350","27.650","27.990","26.500","3.11M","-1.08%"
"11.06.2013","27.650","28.500","28.970","27.390","2.96M","-3.56%"
"10.06.2013","28.670","28.500","29.100","27.690","3.36M","0.92%"
"07.06.2013","28.410","29.350","29.350","28.000","4.56M","-3.96%"
"06.06.2013","29.580","29.340","29.750","29.110","2.91M","0.82%"
"05.06.2013","29.340","29.200","29.990","29.060","3.11M","0.48%"
"04.06.2013","29.200","28.300","29.490","28.100","2.06M","2.67%"
"03.06.2013","28.440","29.320","29.590","27.910","2.93M","-3.00%"
"31.05.2013","29.320","28.890","30.100","28.720","9.87M","2.16%"
"30.05.2013","28.700","28.450","28.860","28.450","3.42M","0.88%"
"29.05.2013","28.450","27.700","28.890","27.500","2.71M","2.71%"
"28.05.2013","27.700","27.900","28.200","27.530","1.23M","-0.68%"
"27.05.2013","27.890","27.550","28.090","27.500","1.42M","1.31%"
"24.05.2013","27.530","27.320","28.000","27.320","1.86M","0.81%"
"23.05.2013","27.310","29.000","29.340","27.100","5.91M","-7.05%"
"22.05.2013","29.380","30.100","31.190","29.000","4.69M","-3.80%"
"21.05.2013","30.540","29.960","30.990","29.200","1.62M","1.46%"
"20.05.2013","30.100","31.700","32.340","29.410","2.91M","-4.96%"
"17.05.2013","31.670","32.510","32.750","31.510","1.43M","-1.98%"
"16.05.2013","32.310","33.310","33.490","32.200","2.24M","-3.00%"
"15.05.2013","33.310","33.400","35.010","32.500","2.43M","0.24%"
"14.05.2013","33.230","32.900","33.400","32.560","874.41K","1.50%"
"13.05.2013","32.740","32.600","33.180","32.350","1.98M","0.71%"
"10.05.2013","32.510","33.990","34.160","32.380","2.38M","-4.35%"
"09.05.2013","33.990","34.020","34.590","33.710","1.07M","-0.18%"
"08.05.2013","34.050","35.040","35.250","33.950","1.18M","-1.84%"
"07.05.2013","34.690","33.640","35.000","33.640","1.13M","2.69%"
"06.05.2013","33.780","34.650","34.860","33.600","1.14M","-2.17%"
"03.05.2013","34.530","34.880","35.600","34.150","1.79M","-0.09%"
"02.05.2013","34.560","36.000","36.740","34.390","1.69M","-2.87%"
"30.04.2013","35.580","36.950","36.950","35.170","3.42M","-3.10%"
"29.04.2013","36.720","35.480","37.000","34.120","1.50M","3.38%"
"26.04.2013","35.520","35.550","35.990","35.000","750.56K","-0.36%"
"25.04.2013","35.650","34.000","36.000","34.000","2.42M","5.41%"
"24.04.2013","33.820","35.410","35.580","33.430","1.63M","-4.49%"
"23.04.2013","35.410","35.500","36.290","35.250","1.44M","0.43%"
"22.04.2013","35.260","36.500","36.510","35.060","1.22M","-2.84%"
"19.04.2013","36.290","36.500","36.780","35.730","1.57M","0.53%"
"18.04.2013","36.100","36.150","36.500","35.500","1.77M","0.22%"
"17.04.2013","36.020","36.470","36.850","35.210","3.46M","-1.32%"
"16.04.2013","36.500","35.760","36.600","34.920","402.45K","3.66%"
"15.04.2013","35.210","36.160","36.560","34.850","1.12M","-2.95%"
"12.04.2013","36.280","36.660","37.390","36.160","486.13K","-2.26%"
"11.04.2013","37.120","36.300","37.300","36.150","1.82M","2.09%"
"10.04.2013","36.360","36.990","37.550","36.040","2.82M","-1.20%"
"09.04.2013","36.800","35.100","37.000","34.620","2.96M","5.02%"
"08.04.2013","35.040","34.440","35.340","34.120","1.10M","2.04%"
"05.04.2013","34.340","34.890","35.200","33.900","1.18M","-3.19%"
"04.04.2013","35.470","36.250","36.880","35.280","1.01M","-3.74%"
"03.04.2013","36.850","37.040","37.700","36.350","2.36M","-0.83%"
"02.04.2013","37.160","36.400","37.200","36.170","2.21M","1.81%"
"01.04.2013","36.500","36.010","37.250","36.010","720.19K","1.30%"
"27.03.2013","36.030","34.000","36.400","34.000","2.17M","4.28%"
"26.03.2013","34.550","34.600","35.230","33.590","2.21M","0.20%"
"25.03.2013","34.480","33.510","34.630","33.510","2.31M","2.93%"
"22.03.2013","33.500","33.750","34.090","33.280","1.25M","0.15%"
"21.03.2013","33.450","34.300","34.910","33.330","1.52M","-2.99%"
"20.03.2013","34.480","33.000","34.550","32.500","2.77M","3.23%"
"19.03.2013","33.400","34.670","35.640","33.270","3.00M","-3.33%"
"15.03.2013","34.550","36.020","36.480","34.300","5.76M","-4.08%"
"14.03.2013","36.020","35.680","36.200","35.620","2.86M","0.22%"
"13.03.2013","35.940","35.990","36.000","35.620","2.93M","0.48%"
"12.03.2013","35.770","35.770","35.980","35.550","2.37M","0.00%"
"11.03.2013","35.770","36.110","36.140","35.410","2.15M","-0.45%"
"08.03.2013","35.930","36.160","36.160","35.640","2.58M","0.22%"
"07.03.2013","35.850","35.800","35.950","35.520","1.59M","0.17%"
"06.03.2013","35.790","35.770","35.980","35.370","2.62M","0.00%"
"05.03.2013","35.790","36.100","36.200","35.710","1.99M","-0.47%"
"04.03.2013","35.960","35.470","36.050","35.230","1.39M","0.56%"
"01.03.2013","35.760","36.000","36.090","35.470","1.00M","-0.72%"
"28.02.2013","36.020","35.900","36.400","35.620","2.39M","0.50%"
"27.02.2013","35.840","35.570","36.000","35.350","1.44M","0.65%"
"26.02.2013","35.610","35.950","36.000","35.090","1.38M","-0.84%"
"25.02.2013","35.910","36.300","36.490","35.540","1.08M","-1.89%"
"22.02.2013","36.600","36.060","36.700","36.060","2.12M","1.55%"
"21.02.2013","36.040","35.500","36.480","35.290","2.58M","0.90%"
"20.02.2013","35.720","36.000","36.000","35.170","1.42M","-0.67%"
"19.02.2013","35.960","35.600","36.190","35.400","1.43M","0.95%"
"18.02.2013","35.620","35.990","36.250","35.400","222.50K","-0.59%"
"15.02.2013","35.830","35.570","36.080","35.020","975.87K","0.79%"
"14.02.2013","35.550","36.640","36.640","35.020","1.40M","-2.97%"
"13.02.2013","36.640","35.720","36.790","35.720","2.66M","2.58%"
"12.02.2013","35.720","35.000","35.800","34.600","1.24M","3.15%"
"11.02.2013","34.630","35.000","35.000","34.200","879.29K","-1.06%"
"08.02.2013","35.000","35.800","35.800","34.750","2.49M","-1.74%"
"07.02.2013","35.620","35.180","35.800","34.500","1.17M","1.28%"
"06.02.2013","35.170","35.010","35.450","34.980","693.89K","-0.51%"
"05.02.2013","35.350","35.160","35.450","34.900","2.17M","0.57%"
"01.02.2013","35.150","35.650","36.000","34.600","2.09M","-1.35%"
"31.01.2013","35.630","36.030","36.800","35.430","1.97M","-1.11%"
"30.01.2013","36.030","36.790","36.790","35.670","1.90M","-1.72%"
"29.01.2013","36.660","36.780","37.200","36.510","2.65M","-0.33%"
"28.01.2013","36.780","36.730","36.990","36.300","3.58M","0.82%"
"25.01.2013","36.480","37.140","37.490","36.290","1.61M","-1.25%"
"24.01.2013","36.940","37.210","37.230","36.900","1.82M","-0.27%"
"23.01.2013","37.040","37.000","37.190","36.730","4.07M","0.19%"
"22.01.2013","36.970","36.500","37.260","36.330","6.92M","1.32%"
"21.01.2013","36.490","36.800","36.950","36.290","1.72M","-0.57%"
"18.01.2013","36.700","37.000","37.000","36.500","3.44M","-0.78%"
"17.01.2013","36.990","37.150","37.180","36.800","4.03M","-0.35%"
"16.01.2013","37.120","37.380","37.400","36.950","4.07M","-0.03%"
"15.01.2013","37.130","37.350","37.350","36.820","1.55M","-0.56%"
"14.01.2013","37.340","37.600","37.610","36.780","2.21M","0.27%"
"11.01.2013","37.240","37.360","37.500","37.040","1.56M","-1.04%"
"10.01.2013","37.630","38.110","38.110","37.250","1.15M","-0.53%"
"09.01.2013","37.830","37.870","38.100","37.310","2.22M","-0.26%"
"08.01.2013","37.930","38.950","38.950","37.510","1.95M","-2.17%"
"07.01.2013","38.770","38.760","39.470","38.630","1.94M","0.31%"
"04.01.2013","38.650","39.200","39.790","38.600","4.81M","-1.07%"
"03.01.2013","39.070","40.500","40.850","38.700","2.81M","-3.03%"
"02.01.2013","40.290","39.850","42.980","39.520","2.83M","2.75%"
"31.12.2012","39.210","39.120","39.600","38.580","573.34K","-0.41%"
"28.12.2012","39.370","40.000","40.040","39.090","1.10M","-0.28%"
"27.12.2012","39.480","39.520","40.980","39.050","946.91K","-0.03%"
"26.12.2012","39.490","39.650","41.140","39.190","781.91K","-0.40%"
"24.12.2012","39.650","39.300","39.790","39.300","265.25K","0.38%"
"21.12.2012","39.500","39.280","40.700","39.000","2.73M","-1.13%"
"20.12.2012","39.950","40.900","42.500","39.240","2.86M","-0.55%"
"19.12.2012","40.170","40.820","41.050","39.990","3.12M","-2.29%"
"18.12.2012","41.110","39.990","42.690","39.570","3.95M","3.32%"
"17.12.2012","39.790","37.950","40.860","37.930","3.57M","4.77%"
"14.12.2012","37.980","36.790","38.040","36.030","2.30M","3.43%"
"13.12.2012","36.720","36.080","37.070","35.300","3.82M","1.77%"
"11.12.2012","36.080","36.030","36.400","35.310","4.15M","0.19%"
"10.12.2012","36.010","36.450","36.490","35.780","4.10M","-0.36%"
"07.12.2012","36.140","35.870","36.290","35.850","2.13M","1.09%"
"06.12.2012","35.750","35.800","35.990","35.390","1.47M","-0.36%"
"05.12.2012","35.880","35.480","36.290","35.200","2.75M","1.67%"
"04.12.2012","35.290","35.530","35.590","35.140","1.14M","-1.20%"
"03.12.2012","35.720","35.520","35.930","35.300","1.60M","-0.36%"
"30.11.2012","35.850","34.480","36.110","34.480","21.34M","1.76%"
"29.11.2012","35.230","34.930","35.550","34.810","2.26M","0.83%"
"28.11.2012","34.940","34.940","35.090","34.600","796.25K","0.06%"
"27.11.2012","34.920","35.360","35.600","34.510","1.47M","-0.68%"
"26.11.2012","35.160","34.790","35.680","34.790","1.02M","1.06%"
"23.11.2012","34.790","34.900","35.060","34.560","1.14M","0.12%"
"22.11.2012","34.750","34.910","35.000","34.350","506.00K","-0.46%"
"21.11.2012","34.910","34.570","35.000","33.630","1.29M","0.98%"
"20.11.2012","34.570","34.150","35.290","33.980","1.74M","1.74%"
"16.11.2012","33.980","33.460","34.040","32.430","2.38M","1.80%"
"15.11.2012","33.380","34.000","34.250","33.300","3.10M","-1.97%"
"14.11.2012","34.050","34.150","34.240","33.750","1.94M","-0.38%"
"13.11.2012","34.180","34.240","34.700","34.050","2.00M","-0.15%"
"12.11.2012","34.230","34.110","34.320","33.800","925.83K","-0.78%"
"09.11.2012","34.500","35.050","35.280","34.080","3.34M","-1.37%"
"08.11.2012","34.980","35.100","35.190","34.500","1.72M","-0.46%"
"07.11.2012","35.140","35.610","35.610","35.000","2.35M","-1.43%"
"06.11.2012","35.650","35.480","36.000","35.140","2.38M","0.88%"
"05.11.2012","35.340","35.210","35.480","34.580","924.97K","0.37%"
"01.11.2012","35.210","34.870","35.280","34.860","1.53M","0.98%"
"31.10.2012","34.870","34.960","35.550","34.550","2.69M","-0.26%"
"30.10.2012","34.960","35.900","35.900","34.510","1.87M","-1.88%"
"29.10.2012","35.630","35.100","35.840","35.100","914.08K","1.51%"
"26.10.2012","35.100","35.960","35.960","35.000","809.23K","-1.90%"
"25.10.2012","35.780","35.250","36.000","35.240","1.18M","1.53%"
"24.10.2012","35.240","35.950","36.050","35.000","1.67M","-1.18%"
"23.10.2012","35.660","36.250","36.750","35.550","1.71M","-2.44%"
"22.10.2012","36.550","36.610","36.800","36.270","1.35M","-0.41%"
"19.10.2012","36.700","36.690","36.930","36.280","2.19M","0.00%"
"18.10.2012","36.700","36.720","36.950","36.100","3.41M","-0.05%"
"17.10.2012","36.720","36.880","36.900","36.300","3.44M","0.11%"
"16.10.2012","36.680","36.000","36.990","35.960","3.31M","1.83%"
"15.10.2012","36.020","35.250","36.100","35.250","1.64M","2.24%"
"12.10.2012","35.230","34.800","35.700","34.750","1.63M","1.35%"
"11.10.2012","34.760","34.900","35.100","34.350","4.61M","-0.11%"
"10.10.2012","34.800","35.300","35.520","34.710","975.99K","-0.77%"
"09.10.2012","35.070","36.300","36.610","34.690","9.20M","-3.39%"
"08.10.2012","36.300","36.990","36.990","36.020","2.01M","-0.90%"
"05.10.2012","36.630","36.500","36.800","36.300","2.34M","-0.11%"
"04.10.2012","36.670","35.910","36.750","35.910","2.20M","1.52%"
"03.10.2012","36.120","36.300","36.420","35.770","1.19M","0.19%"
"02.10.2012","36.050","35.800","36.200","35.800","1.85M","0.14%"
"01.10.2012","36.000","36.500","36.500","35.700","1.46M","-0.06%"
"28.09.2012","36.020","36.630","36.850","35.660","2.95M","-1.32%"
"27.09.2012","36.500","36.140","36.640","35.540","5.26M","1.67%"
"26.09.2012","35.900","35.550","36.200","34.600","2.23M","-0.06%"
"25.09.2012","35.920","35.480","36.050","35.310","1.50M","0.20%"
"24.09.2012","35.850","35.660","36.380","35.610","3.77M","1.21%"
"21.09.2012","35.420","36.010","36.530","35.070","6.99M","-2.85%"
"20.09.2012","36.460","36.740","36.800","36.010","3.18M","-0.63%"
"19.09.2012","36.690","36.200","36.800","36.100","2.18M","1.61%"
"18.09.2012","36.110","36.330","36.480","35.000","1.74M","-0.19%"
"17.09.2012","36.180","35.840","36.700","35.300","1.82M","1.66%"
"14.09.2012","35.590","35.650","36.500","34.760","1.76M","0.17%"
"13.09.2012","35.530","34.800","35.780","34.500","3.54M","2.90%"
"12.09.2012","34.530","35.100","35.350","34.300","2.51M","-0.83%"
"11.09.2012","34.820","35.030","35.350","34.530","1.90M","-0.26%"
"10.09.2012","34.910","34.710","35.230","34.310","1.70M","0.69%"
"07.09.2012","34.670","34.800","35.330","34.300","2.10M","-0.32%"
"06.09.2012","34.780","34.790","35.390","34.650","2.07M","0.49%"
"05.09.2012","34.610","34.760","34.990","34.400","1.48M","-0.57%"
"04.09.2012","34.810","35.630","35.650","34.640","3.06M","-2.33%"
"03.09.2012","35.640","35.400","35.850","34.420","2.84M","-0.34%"
"31.08.2012","35.760","37.000","37.010","34.250","159.35M","-2.88%"
"30.08.2012","36.820","37.800","37.800","36.510","5.02M","-0.91%"
"29.08.2012","37.160","37.500","37.950","36.960","4.58M","-0.75%"
"28.08.2012","37.440","37.190","37.900","36.010","3.90M","0.67%"
"27.08.2012","37.190","36.680","37.800","36.210","3.41M","2.23%"
"24.08.2012","36.380","36.300","36.600","35.970","2.80M","1.20%"
"23.08.2012","35.950","36.200","36.200","35.510","2.42M","-0.08%"
"22.08.2012","35.980","36.000","36.670","35.600","2.28M","-0.66%"
"21.08.2012","36.220","36.000","36.700","35.660","2.20M","-0.25%"
"20.08.2012","36.310","36.850","36.850","35.980","2.07M","-1.25%"
"17.08.2012","36.770","36.220","37.300","36.220","8.01M","1.52%"
"16.08.2012","36.220","34.300","36.390","34.300","9.09M","12.00%"
"15.08.2012","32.340","32.450","32.500","32.070","659.84K","-0.34%"
"14.08.2012","32.450","32.600","32.670","31.960","1.72M","0.09%"
"13.08.2012","32.420","32.750","32.750","32.270","289.01K","0.40%"
"10.08.2012","32.290","31.800","32.440","31.800","1.58M","1.25%"
"09.08.2012","31.890","32.500","32.500","31.600","761.38K","-1.85%"
"08.08.2012","32.490","33.280","33.550","31.770","1.42M","-2.11%"
"07.08.2012","33.190","33.970","34.450","33.150","510.71K","-0.90%"
"06.08.2012","33.490","33.890","33.890","33.160","263.00K","0.12%"
"03.08.2012","33.450","34.000","34.000","33.390","170.94K","-0.92%"
"02.08.2012","33.760","33.900","34.400","33.410","1.28M","-0.65%"
"01.08.2012","33.980","35.560","35.560","33.430","2.61M","-1.91%"
"31.07.2012","34.640","35.810","36.790","34.300","3.02M","0.99%"
"30.07.2012","34.300","34.020","35.990","33.500","2.19M","0.82%"
"27.07.2012","34.020","33.590","35.160","33.150","1.02M","1.04%"
"26.07.2012","33.670","33.690","34.900","33.410","295.59K","0.78%"
"25.07.2012","33.410","33.150","33.990","33.150","1.37M","-1.18%"
"24.07.2012","33.810","34.400","34.980","33.150","1.62M","-1.40%"
"23.07.2012","34.290","33.800","34.490","32.350","1.33M","0.73%"
"20.07.2012","34.040","33.820","34.170","33.510","1.12M","1.04%"
"19.07.2012","33.690","33.910","33.910","33.450","1.04M","-1.49%"
"18.07.2012","34.200","34.840","34.840","33.450","1.14M","0.59%"
"17.07.2012","34.000","33.550","34.010","33.350","1.86M","1.31%"
"16.07.2012","33.560","33.000","33.600","33.000","925.76K","2.04%"
"13.07.2012","32.890","33.190","33.200","32.820","159.52K","-0.90%"
"12.07.2012","33.190","33.000","34.480","32.500","1.03M","-0.03%"
"11.07.2012","33.200","31.980","34.900","31.000","1.01M","4.27%"
"10.07.2012","31.840","32.200","32.200","31.040","971.40K","-1.18%"
"09.07.2012","32.220","31.750","32.400","31.030","947.57K","1.83%"
"06.07.2012","31.640","31.670","31.810","31.170","519.29K","0.09%"
"05.07.2012","31.610","31.800","32.000","31.500","806.63K","-0.57%"
"04.07.2012","31.790","31.790","31.980","31.400","77.38K","-0.28%"
"03.07.2012","31.880","31.000","32.000","30.900","749.26K","2.11%"
"02.07.2012","31.220","29.500","32.010","29.500","449.42K","2.93%"
"29.06.2012","30.330","29.210","31.010","29.210","1.80M","3.20%"
"28.06.2012","29.390","29.990","29.990","29.020","411.89K","-1.31%"
"27.06.2012","29.780","29.000","29.900","29.000","1.07M","2.34%"
"26.06.2012","29.100","28.600","29.600","28.210","1.51M","1.86%"
"25.06.2012","28.570","28.640","29.140","28.210","522.37K","-2.66%"
"22.06.2012","29.350","28.300","29.520","28.300","1.13M","3.05%"
"21.06.2012","28.480","28.520","28.900","28.300","978.09K","-0.38%"
"20.06.2012","28.590","28.670","29.000","28.300","1.14M","-0.28%"
"19.06.2012","28.670","29.000","29.400","28.230","1.76M","-0.38%"
"18.06.2012","28.780","28.720","28.990","28.400","928.91K","0.17%"
"15.06.2012","28.730","29.200","29.510","28.220","1.62M","-1.61%"
"14.06.2012","29.200","27.970","29.400","27.750","666.89K","5.04%"
"13.06.2012","27.800","27.300","27.990","26.640","855.19K","2.36%"
"12.06.2012","27.160","27.980","28.160","26.930","938.55K","-2.93%"
"11.06.2012","27.980","29.290","29.300","27.780","801.71K","-4.24%"
"08.06.2012","29.220","29.390","29.390","28.200","525.05K","0.93%"
"07.06.2012","28.950","28.650","29.200","28.200","367.02K","2.88%"
"06.06.2012","28.140","28.050","29.440","27.520","1.38M","-0.71%"
"05.06.2012","28.340","29.100","29.100","28.000","658.04K","-0.74%"
"04.06.2012","28.550","28.670","29.800","27.670","1.88M","-0.97%"
"01.06.2012","28.830","29.710","29.710","28.000","3.38M","-2.96%"
"31.05.2012","29.710","28.850","30.000","28.850","5.24M","3.38%"
"30.05.2012","28.740","29.490","29.800","28.570","762.20K","-2.54%"
"29.05.2012","29.490","29.600","30.000","29.360","685.47K","0.48%"
"28.05.2012","29.350","29.120","29.500","28.770","303.73K","0.79%"
"25.05.2012","29.120","29.170","29.270","28.530","397.38K","-0.41%"
"24.05.2012","29.240","29.000","29.400","28.670","572.56K","1.92%"
"23.05.2012","28.690","28.100","28.900","27.910","529.21K","2.03%"
"22.05.2012","28.120","27.740","28.450","27.740","470.86K","-0.57%"
"21.05.2012","28.280","28.480","29.000","28.090","317.87K","-0.95%"
"18.05.2012","28.550","28.610","29.350","28.150","347.73K","1.42%"
"17.05.2012","28.150","27.150","28.360","27.150","1.09M","4.18%"
"16.05.2012","27.020","26.660","27.860","26.630","822.56K","1.24%"
"15.05.2012","26.690","27.510","27.980","26.530","729.30K","-5.69%"
"14.05.2012","28.300","28.500","29.100","28.060","280.80K","-1.22%"
"11.05.2012","28.650","29.000","30.000","28.530","989.72K","-5.41%"
"10.05.2012","30.290","30.190","30.610","29.800","265.55K","-0.56%"
"09.05.2012","30.460","28.610","30.800","28.610","568.86K","1.03%"
"08.05.2012","30.150","29.500","30.370","29.100","1.91M","2.38%"
"07.05.2012","29.450","28.120","29.740","28.120","2.61M","0.41%"
"04.05.2012","29.330","28.880","29.400","28.370","1.09M","2.84%"
"03.05.2012","28.520","28.680","28.900","28.200","593.78K","-0.49%"
"02.05.2012","28.660","28.590","29.430","28.240","3.16M","0.24%"
"30.04.2012","28.590","28.500","28.710","28.330","1.01M","0.92%"
"27.04.2012","28.330","27.900","28.490","27.390","906.08K","1.65%"
"26.04.2012","27.870","27.800","28.500","27.700","566.23K","-0.07%"
"25.04.2012","27.890","27.500","28.100","27.330","1.24M","-0.29%"
"24.04.2012","27.970","28.300","28.390","27.830","795.71K","-0.25%"
"23.04.2012","28.040","27.990","28.660","27.500","810.57K","-0.07%"
"20.04.2012","28.060","28.090","28.410","27.670","221.96K","-0.11%"
"19.04.2012","28.090","28.080","28.670","27.640","146.34K","0.04%"
"18.04.2012","28.080","28.320","28.690","27.720","543.26K","-0.99%"
"17.04.2012","28.360","28.000","28.480","26.960","1.45M","1.43%"
"16.04.2012","27.960","27.800","28.200","27.000","710.79K","0.79%"
"13.04.2012","27.740","27.010","27.990","27.010","990.99K","2.70%"
"12.04.2012","27.010","27.000","27.200","26.850","393.98K","0.52%"
"11.04.2012","26.870","26.520","27.180","26.510","1.45M","-0.22%"
"10.04.2012","26.930","26.850","27.000","26.500","734.14K","0.15%"
"09.04.2012","26.890","27.000","27.000","26.570","975.06K","-1.07%"
"04.04.2012","27.180","27.600","27.610","27.000","201.76K","-1.52%"
"03.04.2012","27.600","27.480","27.880","27.240","1.18M","0.44%"
"02.04.2012","27.480","26.370","27.550","26.370","884.03K","4.21%"
"30.03.2012","26.370","26.120","26.980","26.110","1.76M","-2.04%"
"29.03.2012","26.920","26.510","27.050","26.500","1.10M","-0.19%"
"28.03.2012","26.970","27.030","27.150","26.600","283.91K","0.04%"
"27.03.2012","26.960","26.360","27.170","26.360","2.82M","2.67%"
"26.03.2012","26.260","26.000","26.360","26.000","486.23K","1.00%"
"23.03.2012","26.000","26.020","26.380","25.950","1.22M","-1.22%"
"22.03.2012","26.320","26.280","26.400","25.990","285.74K","0.46%"
"21.03.2012","26.200","25.560","26.290","25.560","308.08K","0.69%"
"20.03.2012","26.020","26.430","26.500","25.350","645.58K","0.12%"
"16.03.2012","25.990","26.430","26.430","25.870","2.86M","-1.07%"
"15.03.2012","26.270","26.200","26.450","26.130","4.55M","0.34%"
"14.03.2012","26.180","25.740","26.470","25.300","1.13M","1.71%"
"13.03.2012","25.740","25.460","25.870","25.410","956.48K","0.94%"
"12.03.2012","25.500","25.690","25.730","25.280","608.76K","2.08%"
"09.03.2012","24.980","25.280","25.280","24.930","211.97K","-1.19%"
"08.03.2012","25.280","25.070","25.360","25.000","611.73K","1.57%"
"07.03.2012","24.890","24.850","25.140","24.310","1.45M","2.34%"
"06.03.2012","24.320","25.530","25.530","24.130","2.56M","-4.21%"
"05.03.2012","25.390","25.390","25.480","25.100","2.59M","1.48%"
"02.03.2012","25.020","25.250","25.730","24.880","1.58M","-0.52%"
"01.03.2012","25.150","25.200","25.500","25.000","1.04M","0.56%"
"29.02.2012","25.010","26.300","26.300","24.120","2.67M","-3.59%"
"28.02.2012","25.940","26.200","26.650","25.790","422.19K","-2.19%"
"27.02.2012","26.520","26.990","26.990","26.390","363.50K","-3.74%"
"24.02.2012","27.550","27.400","27.650","27.370","641.50K","0.88%"
"23.02.2012","27.310","27.000","27.700","27.000","3.91M","-0.44%"
"22.02.2012","27.430","26.670","27.480","26.490","782.33K","2.93%"
"21.02.2012","26.650","27.010","27.370","26.300","879.37K","-1.91%"
"20.02.2012","27.170","27.400","27.400","27.110","42.10K","-0.69%"
"17.02.2012","27.360","27.600","27.990","27.200","684.53K","-0.26%"
"16.02.2012","27.430","27.550","27.660","27.010","1.62M","0.07%"
"15.02.2012","27.410","27.600","27.600","27.110","658.84K","-0.15%"
"14.02.2012","27.450","27.640","27.640","26.700","1.45M","0.22%"
"13.02.2012","27.390","27.400","27.630","27.150","471.06K","0.77%"
"10.02.2012","27.180","26.550","27.300","26.370","869.39K","0.15%"
"09.02.2012","27.140","26.110","27.280","25.800","1.52M","2.84%"
"08.02.2012","26.390","26.290","26.900","26.110","582.60K","0.42%"
"07.02.2012","26.280","27.200","27.690","26.000","1.71M","-3.38%"
"03.02.2012","27.200","27.030","27.450","26.750","1.83M","1.00%"
"02.02.2012","26.930","27.250","27.880","26.210","1.44M","1.01%"
"01.02.2012","26.660","26.800","27.150","26.280","1.62M","-0.60%"
"31.01.2012","26.820","28.090","28.500","26.650","4.01M","-4.42%"
"30.01.2012","28.060","27.710","28.350","27.710","728.07K","0.04%"
"27.01.2012","28.050","27.280","28.500","27.280","1.37M","2.56%"
"26.01.2012","27.350","27.200","27.500","26.700","998.40K","0.85%"
"25.01.2012","27.120","27.000","27.300","26.600","559.20K","0.11%"
"24.01.2012","27.090","26.870","27.500","26.000","656.27K","0.78%"
"23.01.2012","26.880","26.770","27.000","25.220","262.58K","0.37%"
"20.01.2012","26.780","27.000","27.000","26.400","956.00K","-0.15%"
"19.01.2012","26.820","26.990","26.990","26.330","2.01M","0.30%"
"18.01.2012","26.740","26.000","26.800","25.590","1.41M","0.07%"
"17.01.2012","26.720","26.830","26.850","26.410","2.32M","-0.15%"
"16.01.2012","26.760","26.690","26.800","26.690","8.20K","1.21%"
"13.01.2012","26.440","26.160","26.800","25.920","940.60K","-0.08%"
"12.01.2012","26.460","26.340","26.600","25.940","859.70K","0.15%"
"11.01.2012","26.420","26.000","26.700","25.640","571.80K","1.34%"
"10.01.2012","26.070","25.820","26.360","25.650","1.11M","0.97%"
"09.01.2012","25.820","25.790","26.000","25.490","1.77M","0.90%"
"06.01.2012","25.590","26.410","26.500","25.280","604.70K","-2.59%"
"05.01.2012","26.270","25.410","26.800","25.410","887.70K","0.92%"
"04.01.2012","26.030","25.590","26.240","25.590","934.60K","2.04%"
"03.01.2012","25.510","25.600","25.940","25.300","442.70K","0.16%"
"02.01.2012","25.470","25.700","25.700","25.420","30.90K","-0.74%"
"30.12.2011","25.660","25.800","25.890","25.400","630.70K","-0.74%"
"29.12.2011","25.850","25.590","25.950","25.390","636.70K","1.02%"
"28.12.2011","25.590","25.410","25.610","24.810","482.70K","0.00%"
"27.12.2011","25.590","25.480","25.890","25.010","542.20K","1.43%"
"26.12.2011","25.230","25.500","25.500","25.100","307.10K","-0.43%"
"23.12.2011","25.340","25.190","25.670","24.820","648.20K","2.18%"
"22.12.2011","24.800","24.490","24.930","24.400","1.05M","1.35%"
"21.12.2011","24.470","24.240","24.510","24.000","578.60K","0.99%"
"20.12.2011","24.230","24.130","24.640","24.100","3.56M","0.62%"
"19.12.2011","24.080","24.500","25.400","23.690","1.04M","-2.23%"
"16.12.2011","24.630","24.820","24.820","24.510","2.09M","-0.77%"
"15.12.2011","24.820","25.690","25.700","24.710","1.92M","-1.59%"
"14.12.2011","25.220","25.340","25.790","24.830","820.40K","-0.47%"
"13.12.2011","25.340","26.610","26.650","25.000","1.08M","-4.77%"
"09.12.2011","26.610","26.410","26.790","26.260","1.21M","-0.30%"
"08.12.2011","26.690","25.320","26.800","25.320","540.60K","1.37%"
"07.12.2011","26.330","26.600","26.990","26.120","520.70K","-1.64%"
"06.12.2011","26.770","26.300","27.280","26.010","912.90K","-0.74%"
"05.12.2011","26.970","26.230","27.200","26.230","2.44M","3.97%"
"02.12.2011","25.940","24.800","26.100","24.500","1.86M","5.66%"
"01.12.2011","24.550","25.140","26.400","24.220","2.15M","0.08%"
"30.11.2011","24.530","25.720","26.100","24.000","17.53M","-3.31%"
"29.11.2011","25.370","26.470","26.470","25.200","942.60K","-2.39%"
"28.11.2011","25.990","25.430","26.910","25.430","1.10M","2.00%"
"25.11.2011","25.480","26.000","26.470","24.600","1.24M","-2.38%"
"24.11.2011","26.100","25.960","26.190","25.600","88.90K","2.88%"
"23.11.2011","25.370","27.160","27.160","25.030","1.52M","-6.59%"
"22.11.2011","27.160","27.500","28.210","26.470","634.70K","-0.98%"
"18.11.2011","27.430","27.300","28.160","27.000","911.30K","-0.22%"
"17.11.2011","27.490","28.050","28.180","27.000","2.83M","-1.19%"
"16.11.2011","27.820","27.000","28.050","26.820","2.01M","1.83%"
"15.11.2011","27.320","26.840","27.550","26.840","1.12M","1.79%"
"14.11.2011","26.840","27.930","28.140","25.950","239.90K","-3.90%"
"11.11.2011","27.930","27.890","28.250","27.010","3.45M","1.82%"
"10.11.2011","27.430","27.390","28.000","27.070","434.10K","0.07%"
"09.11.2011","27.410","27.300","27.610","26.880","556.00K","-0.94%"
"08.11.2011","27.670","27.650","27.800","27.350","534.20K","1.24%"
"07.11.2011","27.330","26.990","27.980","26.990","1.45M","-0.91%"
"04.11.2011","27.580","28.500","28.500","27.300","694.40K","-1.32%"
"03.11.2011","27.950","27.300","28.610","27.300","1.29M","-0.18%"
"01.11.2011","28.000","28.060","28.510","26.110","2.65M","-1.72%"
"31.10.2011","28.490","28.880","29.650","28.040","3.24M","-1.35%"
"28.10.2011","28.880","28.740","29.000","27.850","1.93M","0.45%"
"27.10.2011","28.750","28.500","29.500","28.320","1.32M","1.66%"
"26.10.2011","28.280","27.620","28.890","27.610","692.40K","1.07%"
"25.10.2011","27.980","27.350","30.060","27.000","2.15M","4.01%"
"24.10.2011","26.900","26.550","27.250","26.550","772.80K","1.47%"
"21.10.2011","26.510","26.100","26.590","26.100","1.45M","1.61%"
"20.10.2011","26.090","26.330","26.400","25.790","877.40K","0.00%"
"19.10.2011","26.090","26.390","26.490","25.600","737.00K","-0.80%"
"18.10.2011","26.300","25.300","26.580","25.300","1.84M","4.16%"
"17.10.2011","25.250","25.530","25.990","24.670","450.00K","-1.67%"
"14.10.2011","25.680","26.030","26.350","25.140","1.52M","-1.34%"
"13.10.2011","26.030","25.380","26.290","25.380","1.89M","2.56%"
"12.10.2011","25.380","24.680","25.450","24.560","2.54M","3.34%"
"11.10.2011","24.560","23.840","24.780","23.740","1.30M","3.37%"
"10.10.2011","23.760","23.130","23.900","23.130","477.00K","3.17%"
"07.10.2011","23.030","24.000","24.300","22.800","457.10K","-2.00%"
"06.10.2011","23.500","22.840","24.100","22.230","857.50K","2.89%"
"05.10.2011","22.840","23.350","23.380","22.600","597.60K","-0.78%"
"04.10.2011","23.020","23.250","23.450","22.700","1.39M","-0.90%"
"03.10.2011","23.230","23.600","24.100","22.500","1.54M","-0.43%"
"30.09.2011","23.330","22.200","23.500","22.050","3.81M","3.97%"
"29.09.2011","22.440","22.780","23.060","22.200","1.76M","-0.40%"
"28.09.2011","22.530","22.400","22.800","22.200","1.76M","0.54%"
"27.09.2011","22.410","22.130","22.790","22.130","3.72M","1.86%"
"26.09.2011","22.000","22.000","22.400","21.400","2.14M","-0.05%"
"23.09.2011","22.010","22.000","22.800","21.800","773.80K","-1.03%"
"22.09.2011","22.240","23.420","23.420","21.770","1.80M","-6.52%"
"21.09.2011","23.790","23.970","24.400","23.410","1.23M","-0.54%"
"20.09.2011","23.920","25.150","25.150","23.200","1.82M","-5.34%"
"19.09.2011","25.270","24.900","25.630","24.150","652.30K","2.10%"
"15.09.2011","24.750","24.650","25.040","24.520","1.55M","0.41%"
"14.09.2011","24.650","25.220","25.680","24.140","1.28M","-2.26%"
"13.09.2011","25.220","24.500","25.740","24.500","1.23M","-1.45%"
"12.09.2011","25.590","24.880","26.010","24.880","378.10K","1.35%"
"09.09.2011","25.250","26.680","26.690","24.800","1.31M","-3.11%"
"08.09.2011","26.060","25.720","26.690","25.360","1.27M","1.40%"
"07.09.2011","25.700","25.490","26.240","25.210","2.30M","2.59%"
"06.09.2011","25.050","24.900","25.800","24.900","1.65M","-0.40%"
"05.09.2011","25.150","25.190","25.440","24.900","325.50K","-0.59%"
"02.09.2011","25.300","26.000","26.000","24.900","1.52M","-3.07%"
"01.09.2011","26.100","25.200","26.680","24.970","7.15M","4.57%"
"31.08.2011","24.960","23.400","25.900","23.400","102.00M","6.94%"
"30.08.2011","23.340","23.730","23.930","23.000","5.85M","-1.64%"
"29.08.2011","23.730","24.100","24.500","22.750","4.32M","0.04%"
"26.08.2011","23.720","22.900","24.000","22.160","2.70M","4.63%"
"25.08.2011","22.670","22.510","23.140","22.160","4.29M","0.76%"
"24.08.2011","22.500","22.790","23.600","22.150","3.51M","-0.04%"
"23.08.2011","22.510","22.350","23.200","22.110","4.28M","1.53%"
"22.08.2011","22.170","23.650","23.650","22.000","12.41M","-4.52%"
"19.08.2011","23.220","22.970","23.730","22.970","1.72M","-0.34%"
"18.08.2011","23.300","23.900","24.300","23.060","2.41M","-5.01%"
"17.08.2011","24.530","24.940","24.940","24.100","2.68M","1.03%"
"16.08.2011","24.280","27.290","27.290","23.710","3.89M","-2.88%"
"15.08.2011","25.000","24.380","25.380","24.380","9.98M","2.54%"
"12.08.2011","24.380","24.740","24.740","24.010","2.86M","0.08%"
"11.08.2011","24.360","24.020","25.000","24.000","2.86M","0.12%"
"10.08.2011","24.330","24.000","25.000","23.750","2.25M","0.75%"
"09.08.2011","24.150","23.760","24.950","23.760","4.76M","2.07%"
"08.08.2011","23.660","25.140","25.140","22.800","3.65M","-7.07%"
"05.08.2011","25.460","25.490","26.950","25.010","2.50M","0.55%"
"04.08.2011","25.320","26.250","26.520","24.500","5.45M","-4.70%"
"03.08.2011","26.570","27.000","27.000","25.270","3.66M","-3.06%"
"02.08.2011","27.410","27.870","27.870","27.250","1.91M","-1.65%"
"01.08.2011","27.870","27.730","28.000","27.530","2.46M","0.50%"
"29.07.2011","27.730","28.360","28.500","27.500","4.95M","-1.60%"
"28.07.2011","28.180","28.570","29.000","28.040","4.44M","-1.37%"
"27.07.2011","28.570","27.500","28.850","27.500","3.09M","2.81%"
"26.07.2011","27.790","28.000","28.910","27.660","2.40M","-1.42%"
"25.07.2011","28.190","27.500","29.000","27.500","1.61M","-1.16%"
"22.07.2011","28.520","29.050","29.100","28.290","494.60K","-1.76%"
"21.07.2011","29.030","28.570","29.300","28.570","1.75M","1.54%"
"20.07.2011","28.590","28.730","28.800","28.250","1.01M","-0.42%"
"19.07.2011","28.710","27.910","28.750","27.500","1.86M","3.05%"
"18.07.2011","27.860","27.910","28.330","27.500","1.26M","-1.03%"
"15.07.2011","28.150","28.300","28.320","27.800","4.13M","-0.53%"
"14.07.2011","28.300","29.230","29.450","28.250","1.54M","-3.15%"
"13.07.2011","29.220","29.800","29.990","28.950","1.03M","-1.55%"
"12.07.2011","29.680","30.420","30.770","29.620","1.38M","-2.40%"
"11.07.2011","30.410","31.590","31.590","30.300","676.40K","-3.09%"
"08.07.2011","31.380","31.400","31.400","30.460","1.40M","-0.22%"
"07.07.2011","31.450","31.120","31.510","30.760","2.44M","1.58%"
"06.07.2011","30.960","31.200","31.200","30.290","2.96M","-0.58%"
"05.07.2011","31.140","31.120","31.310","30.090","1.28M","0.81%"
"04.07.2011","30.890","31.000","31.000","30.180","496.60K","0.29%"
"01.07.2011","30.800","30.000","31.250","29.260","1.83M","2.84%"
"30.06.2011","29.950","29.850","30.750","29.250","2.58M","-0.93%"
"29.06.2011","30.230","29.530","31.000","29.530","2.88M","2.37%"
"28.06.2011","29.530","28.420","29.720","28.420","3.05M","3.91%"
"27.06.2011","28.420","28.500","29.000","28.110","1.25M","0.42%"
"24.06.2011","28.300","27.950","28.440","27.830","856.00K","2.06%"
"23.06.2011","27.730","28.450","28.450","27.500","757.40K","-2.53%"
"22.06.2011","28.450","28.180","28.800","28.100","833.40K","0.96%"
"21.06.2011","28.180","27.670","28.410","27.670","7.83M","1.84%"
"20.06.2011","27.670","27.620","28.230","27.450","1.24M","-0.11%"
"17.06.2011","27.700","29.000","29.000","27.000","2.90M","-2.88%"
"16.06.2011","28.520","28.640","29.450","28.350","1.19M","-0.87%"
"15.06.2011","28.770","29.230","29.250","28.640","2.42M","-1.57%"
"14.06.2011","29.230","29.100","29.400","29.000","2.79M","1.21%"
"13.06.2011","28.880","29.110","29.350","28.750","818.60K","-1.70%"
"10.06.2011","29.380","29.700","29.700","29.250","739.40K","-1.08%"
"09.06.2011","29.700","29.080","29.750","29.080","1.19M","0.00%"
"08.06.2011","29.700","29.380","29.860","28.840","1.19M","1.33%"
"07.06.2011","29.310","29.150","32.000","29.100","1.29M","0.27%"
"06.06.2011","29.230","29.500","29.700","29.130","552.40K","-1.62%"
"03.06.2011","29.710","29.750","29.990","29.320","1.16M","-0.07%"
"02.06.2011","29.730","29.020","29.770","29.020","858.60K","1.68%"
"01.06.2011","29.240","30.050","30.110","29.100","2.12M","-2.89%"
"31.05.2011","30.110","30.000","30.360","29.380","24.89M","0.37%"
"30.05.2011","30.000","30.200","30.200","29.950","874.00K","-0.56%"
"27.05.2011","30.170","30.250","30.250","30.000","2.45M","0.00%"
"26.05.2011","30.170","30.250","30.300","29.760","6.32M","0.10%"
"25.05.2011","30.140","30.450","30.450","29.750","1.52M","-0.43%"
"24.05.2011","30.270","30.400","30.500","29.980","2.08M","0.83%"
"23.05.2011","30.020","30.250","30.250","29.700","783.40K","-1.02%"
"20.05.2011","30.330","30.020","30.500","29.750","1.30M","1.03%"
"19.05.2011","30.020","30.210","30.250","29.910","1.07M","-0.63%"
"18.05.2011","30.210","30.090","30.500","29.930","2.92M","0.40%"
"17.05.2011","30.090","28.500","30.450","28.500","3.82M","5.58%"
"16.05.2011","28.500","28.500","28.970","28.000","1.66M","0.00%"
"13.05.2011","28.500","28.790","29.170","28.090","1.11M","-3.26%"
"12.05.2011","29.460","28.780","29.890","28.770","7.40M","-0.07%"
"11.05.2011","29.480","30.000","30.000","29.160","510.80K","-1.47%"
"10.05.2011","29.920","29.830","30.210","29.760","674.20K","0.30%"
"09.05.2011","29.830","30.000","30.000","29.250","779.60K","-0.57%"
"06.05.2011","30.000","30.200","30.350","29.650","2.46M","1.25%"
"05.05.2011","29.630","28.910","30.020","28.650","2.43M","2.46%"
"04.05.2011","28.920","29.500","29.500","28.530","1.06M","-0.92%"
"03.05.2011","29.190","29.820","29.830","29.020","1.22M","-2.11%"
"02.05.2011","29.820","30.750","31.000","29.540","1.25M","-2.87%"
"29.04.2011","30.700","30.000","31.000","29.500","3.25M","2.33%"
"28.04.2011","30.000","30.250","31.070","29.750","632.40K","-0.99%"
"27.04.2011","30.300","29.500","30.500","29.430","1.37M","-0.20%"
"26.04.2011","30.360","30.500","30.700","30.200","6.08M","0.13%"
"25.04.2011","30.320","30.300","30.950","30.090","773.80K","0.10%"
"20.04.2011","30.290","30.000","31.000","28.100","1.33M","2.85%"
"19.04.2011","29.450","29.620","30.000","29.300","2.57M","-0.57%"
"18.04.2011","29.620","29.550","29.800","29.250","750.00K","-0.37%"
"15.04.2011","29.730","29.770","30.000","29.500","1.18M","-0.13%"
"14.04.2011","29.770","30.650","30.650","29.580","834.80K","-2.81%"
"13.04.2011","30.630","29.910","31.490","29.910","1.79M","2.41%"
"12.04.2011","29.910","29.950","30.200","29.270","1.27M","-0.13%"
"11.04.2011","29.950","29.000","30.750","29.000","2.25M","4.03%"
"08.04.2011","28.790","28.110","29.000","28.110","475.20K","2.82%"
"07.04.2011","28.000","27.770","28.990","27.660","2.27M","0.83%"
"06.04.2011","27.770","27.450","27.910","27.450","1.05M","1.24%"
"05.04.2011","27.430","27.500","27.680","27.250","9.11M","0.33%"
"04.04.2011","27.340","27.300","27.600","27.300","516.80K","0.18%"
"01.04.2011","27.290","27.250","27.560","27.020","1.67M","0.07%"
"31.03.2011","27.270","26.850","28.050","26.790","9.50M","1.53%"
"30.03.2011","26.860","26.720","26.980","26.500","907.40K","0.67%"
"29.03.2011","26.680","26.950","26.980","26.500","620.60K","-1.04%"
"28.03.2011","26.960","26.620","27.000","26.620","662.60K","1.58%"
"25.03.2011","26.540","27.000","27.000","26.260","825.60K","-1.70%"
"24.03.2011","27.000","26.860","27.050","26.680","899.60K","1.54%"
"23.03.2011","26.590","25.900","26.890","25.890","2.64M","1.72%"
"22.03.2011","26.140","26.000","26.430","25.540","767.00K","0.89%"
"18.03.2011","25.910","26.160","26.700","25.750","2.15M","-0.96%"
"17.03.2011","26.160","25.640","26.340","25.640","2.25M","2.11%"
"16.03.2011","25.620","26.450","26.890","25.520","1.13M","-1.39%"
"15.03.2011","25.980","25.500","26.410","25.350","607.80K","0.46%"
"14.03.2011","25.860","25.350","26.500","25.250","1.26M","2.05%"
"11.03.2011","25.340","25.140","25.600","25.020","513.60K","0.76%"
"10.03.2011","25.150","25.520","25.960","25.050","823.80K","-1.37%"
"09.03.2011","25.500","25.560","25.750","25.250","1.51M","-1.24%"
"08.03.2011","25.820","25.960","25.960","25.550","1.15M","-0.50%"
"07.03.2011","25.950","26.000","26.000","25.550","842.40K","-0.46%"
"04.03.2011","26.070","26.000","26.250","25.750","943.80K","0.27%"
"03.03.2011","26.000","25.610","26.050","25.590","896.40K","2.04%"
"02.03.2011","25.480","25.120","25.570","24.520","1.05M","1.55%"
"01.03.2011","25.090","25.500","25.750","24.840","951.20K","-1.26%"
"28.02.2011","25.410","25.730","25.970","25.070","2.01M","0.43%"
"25.02.2011","25.300","25.120","25.500","25.120","974.20K","0.72%"
"24.02.2011","25.120","25.250","25.750","24.950","632.40K","-2.14%"
"23.02.2011","25.670","24.900","25.830","24.900","889.60K","2.39%"
"22.02.2011","25.070","25.500","25.570","24.930","1.18M","-1.07%"
"21.02.2011","25.340","25.300","25.700","25.120","242.80K","0.16%"
"18.02.2011","25.300","25.620","25.620","25.110","1.05M","-0.24%"
"17.02.2011","25.360","25.490","25.750","25.210","780.60K","-0.51%"
"16.02.2011","25.490","25.320","25.750","25.300","4.71M","0.71%"
"15.02.2011","25.310","25.250","25.680","25.000","978.40K","0.88%"
"14.02.2011","25.090","25.960","25.960","24.910","1.26M","-3.35%"
"11.02.2011","25.960","24.890","26.450","24.890","1.31M","4.30%"
"10.02.2011","24.890","26.230","26.430","24.500","1.57M","-5.11%"
"09.02.2011","26.230","26.350","26.990","26.010","868.40K","-0.87%"
"08.02.2011","26.460","26.520","26.990","26.000","717.40K","-0.23%"
"04.02.2011","26.520","26.630","27.000","26.500","413.20K","-0.41%"
"03.02.2011","26.630","27.020","27.250","26.510","1.11M","-1.44%"
"02.02.2011","27.020","26.450","27.100","26.380","3.84M","2.43%"
"01.02.2011","26.380","26.250","26.740","26.000","2.14M","-0.34%"
"31.01.2011","26.470","26.350","26.790","25.930","2.25M","0.65%"
"28.01.2011","26.300","26.020","26.450","25.750","1.03M","0.42%"
"27.01.2011","26.190","26.500","26.500","26.010","574.20K","-1.17%"
"26.01.2011","26.500","26.360","26.700","26.000","788.20K","1.11%"
"25.01.2011","26.210","26.000","26.500","25.800","465.60K","0.81%"
"24.01.2011","26.000","26.200","26.500","25.670","983.00K","-0.76%"
"21.01.2011","26.200","26.680","26.910","26.000","954.40K","-1.87%"
"20.01.2011","26.700","26.620","26.930","26.450","1.11M","-0.37%"
"19.01.2011","26.800","26.750","26.950","26.590","1.47M","0.00%"
"18.01.2011","26.800","26.660","26.950","26.650","1.13M","0.19%"
"17.01.2011","26.750","26.570","27.000","26.570","217.20K","0.00%"
"14.01.2011","26.750","26.930","27.180","26.520","446.40K","-0.41%"
"13.01.2011","26.860","26.800","27.200","26.570","4.03M","0.22%"
"12.01.2011","26.800","26.850","27.000","26.730","1.20M","0.15%"
"11.01.2011","26.760","26.890","26.970","26.680","1.92M","-0.48%"
"10.01.2011","26.890","26.950","27.000","26.750","928.40K","-0.74%"
"07.01.2011","27.090","26.750","27.150","26.520","1.71M","1.65%"
"06.01.2011","26.650","27.150","27.250","26.600","1.75M","-1.73%"
"05.01.2011","27.120","27.150","27.230","26.800","1.45M","0.00%"
"04.01.2011","27.120","26.990","27.200","26.660","1.14M","1.69%"
"03.01.2011","26.670","27.160","27.250","26.610","811.40K","-1.66%"
"31.12.2010","27.120","27.090","27.150","27.000","800.60K","0.26%"
"30.12.2010","27.050","26.850","27.090","26.680","533.20K","0.63%"
"29.12.2010","26.880","26.820","26.990","26.660","405.00K","0.22%"
"28.12.2010","26.820","26.860","26.990","26.750","760.20K","-0.15%"
"27.12.2010","26.860","26.750","26.890","26.750","109.40K","-0.11%"
"24.12.2010","26.890","26.980","26.980","26.730","55.80K","0.41%"
"23.12.2010","26.780","26.850","27.050","26.750","573.40K","-0.26%"
"22.12.2010","26.850","26.770","27.040","26.600","1.32M","0.30%"
"21.12.2010","26.770","27.120","27.160","26.650","3.94M","-1.29%"
"20.12.2010","27.120","26.950","27.150","26.320","2.62M","0.63%"
"17.12.2010","26.950","26.780","27.100","26.750","3.39M","0.56%"
"16.12.2010","26.800","27.070","27.120","26.770","926.60K","-1.00%"
"15.12.2010","27.070","26.770","27.120","26.500","1.07M","0.59%"
"14.12.2010","26.910","26.800","27.050","26.750","837.40K","-0.07%"
"13.12.2010","26.930","26.990","27.050","26.620","709.40K","0.82%"
"10.12.2010","26.710","26.660","26.970","26.520","1.41M","0.19%"
"09.12.2010","26.660","26.970","27.130","26.550","1.42M","-1.15%"
"08.12.2010","26.970","26.680","27.050","26.650","2.19M","1.05%"
"07.12.2010","26.690","26.770","27.150","26.620","2.05M","-0.30%"
"06.12.2010","26.770","26.820","27.000","26.500","2.54M","-0.26%"
"03.12.2010","26.840","27.020","27.200","26.750","1.08M","-0.67%"
"02.12.2010","27.020","27.150","27.200","26.770","1.94M","-0.18%"
"01.12.2010","27.070","27.320","27.320","27.000","1.01M","-0.33%"
"30.11.2010","27.160","27.000","27.370","26.770","3.00M","0.59%"
"29.11.2010","27.000","27.200","27.320","26.750","1.45M","0.00%"
"26.11.2010","27.000","27.050","27.250","26.610","723.00K","-1.57%"
"25.11.2010","27.430","27.530","27.840","27.090","686.00K","-0.36%"
"24.11.2010","27.530","26.380","27.750","26.340","4.54M","4.52%"
"23.11.2010","26.340","26.750","26.900","26.000","1.33M","-2.48%"
"22.11.2010","27.010","27.000","27.050","26.750","1.62M","0.19%"
"19.11.2010","26.960","26.980","27.000","26.750","996.40K","-0.11%"
"18.11.2010","26.990","26.820","27.000","26.730","1.20M","0.71%"
"17.11.2010","26.800","26.670","26.850","26.050","1.77M","0.49%"
"16.11.2010","26.670","26.620","26.800","26.610","2.67M","-0.15%"
"12.11.2010","26.710","26.550","26.750","26.270","1.63M","0.45%"
"11.11.2010","26.590","26.000","26.630","25.890","8.20M","1.92%"
"10.11.2010","26.090","26.050","26.140","25.900","4.82M","0.08%"
"09.11.2010","26.070","26.140","26.150","25.900","1.23M","-0.27%"
"08.11.2010","26.140","26.150","26.150","26.050","2.24M","-0.27%"
"05.11.2010","26.210","26.080","26.380","26.080","691.20K","0.38%"
"04.11.2010","26.110","26.620","26.640","26.000","2.66M","-1.47%"
"03.11.2010","26.500","26.500","26.860","26.480","6.73M","-0.75%"
"01.11.2010","26.700","26.980","27.020","26.500","2.30M","-0.04%"
"29.10.2010","26.710","26.960","27.050","26.450","2.73M","-0.93%"
"28.10.2010","26.960","27.000","27.020","26.700","996.00K","0.00%"
"27.10.2010","26.960","27.050","27.050","26.450","897.20K","-0.07%"
"26.10.2010","26.980","27.000","27.120","26.750","1.69M","-0.07%"
"25.10.2010","27.000","27.210","27.210","26.620","820.80K","0.41%"
"22.10.2010","26.890","26.910","26.910","26.500","490.40K","0.00%"
"21.10.2010","26.890","26.750","26.910","26.630","1.59M","1.47%"
"20.10.2010","26.500","26.750","26.750","26.430","628.80K","-0.56%"
"19.10.2010","26.650","27.050","27.050","26.650","474.80K","-1.48%"
"18.10.2010","27.050","27.050","27.100","26.800","624.60K","0.00%"
"15.10.2010","27.050","27.250","27.250","26.750","460.40K","-0.22%"
"14.10.2010","27.110","27.000","27.150","26.720","1.19M","0.59%"
"13.10.2010","26.950","26.430","27.220","26.390","1.43M","2.32%"
"12.10.2010","26.340","26.250","26.800","26.250","778.80K","-0.68%"
"11.10.2010","26.520","27.120","27.120","26.250","532.00K","-2.18%"
"08.10.2010","27.110","26.800","27.120","26.600","1.06M","1.01%"
"07.10.2010","26.840","26.740","27.120","26.390","892.00K","0.75%"
"06.10.2010","26.640","27.000","27.200","26.540","1.30M","-0.67%"
"05.10.2010","26.820","27.270","27.270","26.620","1.87M","-1.65%"
"04.10.2010","27.270","26.280","28.250","26.200","6.13M","3.96%"
"01.10.2010","26.230","24.850","26.730","24.850","3.71M","5.13%"
"30.09.2010","24.950","24.930","25.120","21.700","2.49M","0.24%"
"29.09.2010","24.890","25.000","25.180","24.750","860.00K","-1.62%"
"28.09.2010","25.300","25.450","25.450","25.020","940.40K","-0.35%"
"27.09.2010","25.390","25.500","25.550","25.060","1.32M","-0.43%"
"24.09.2010","25.500","25.340","25.600","25.200","792.60K","1.07%"
"23.09.2010","25.230","24.950","25.320","24.770","1.86M","0.64%"
"22.09.2010","25.070","25.250","25.380","24.770","901.00K","-1.22%"
"21.09.2010","25.380","25.380","25.700","25.010","8.13M","0.67%"
"20.09.2010","25.210","25.230","25.400","24.100","1.23M","-0.63%"
"15.09.2010","25.370","25.340","25.500","25.000","1.49M","0.12%"
"14.09.2010","25.340","24.900","25.750","24.850","3.24M","1.85%"
"13.09.2010","24.880","24.750","24.900","24.070","1.07M","1.55%"
"10.09.2010","24.500","24.600","24.750","24.380","866.40K","0.57%"
"09.09.2010","24.360","24.350","24.800","24.100","783.00K","0.16%"
"08.09.2010","24.320","24.860","24.860","24.250","1.43M","-2.17%"
"07.09.2010","24.860","25.150","25.150","24.150","490.20K","-0.56%"
"06.09.2010","25.000","24.950","25.100","24.950","56.00K","0.32%"
"03.09.2010","24.920","24.800","25.200","24.750","3.34M","1.26%"
"02.09.2010","24.610","24.790","24.850","24.070","471.80K","-0.73%"
"01.09.2010","24.790","24.500","25.300","24.500","2.04M","1.64%"
"31.08.2010","24.390","24.000","24.500","23.850","3.00M","1.67%"
"30.08.2010","23.990","24.820","24.820","23.750","547.20K","-3.34%"
"27.08.2010","24.820","23.790","25.000","23.540","1.21M","4.33%"
"26.08.2010","23.790","23.890","24.000","23.500","2.54M","-0.42%"
"25.08.2010","23.890","23.480","23.950","23.450","2.10M","1.10%"
"24.08.2010","23.630","23.890","23.890","23.350","1.58M","-2.64%"
"23.08.2010","24.270","24.180","24.980","23.980","2.20M","1.42%"
"20.08.2010","23.930","23.770","24.070","23.500","1.58M","0.67%"
"19.08.2010","23.770","23.840","23.950","23.000","1.09M","-0.29%"
"18.08.2010","23.840","23.050","24.000","22.880","2.72M","3.38%"
"17.08.2010","23.060","23.480","23.480","22.880","1.31M","-1.83%"
"16.08.2010","23.490","23.350","23.700","23.270","837.80K","1.25%"
"13.08.2010","23.200","23.180","23.270","23.100","1.90M","0.30%"
"12.08.2010","23.130","23.080","23.380","23.050","1.25M","-0.22%"
"11.08.2010","23.180","23.430","23.800","23.100","2.10M","-1.07%"
"10.08.2010","23.430","23.150","23.500","22.770","1.72M","0.69%"
"09.08.2010","23.270","23.900","23.960","23.250","458.60K","-2.68%"
"06.08.2010","23.910","23.790","23.990","23.500","711.80K","0.50%"
"05.08.2010","23.790","23.500","23.950","23.250","1.80M","2.41%"
"04.08.2010","23.230","23.250","23.750","23.120","2.44M","0.00%"
"03.08.2010","23.230","22.900","23.250","22.660","2.45M","1.18%"
"02.08.2010","22.960","22.380","23.100","22.380","8.46M","2.78%"
"30.07.2010","22.340","23.000","23.100","22.010","12.90M","-3.00%"
"29.07.2010","23.030","23.050","23.200","22.900","3.21M","-0.09%"
"28.07.2010","23.050","23.000","23.190","22.510","2.58M","0.30%"
"27.07.2010","22.980","23.250","23.500","22.750","4.40M","-0.78%"
"26.07.2010","23.160","24.000","24.000","23.000","2.09M","-2.93%"
"23.07.2010","23.860","23.900","24.000","23.500","1.32M","-0.29%"
"22.07.2010","23.930","23.370","24.250","23.370","2.09M","2.40%"
"21.07.2010","23.370","23.010","23.600","23.010","1.39M","1.52%"
"20.07.2010","23.020","23.470","23.820","22.880","606.40K","-1.96%"
"19.07.2010","23.480","23.250","23.650","23.000","372.60K","0.99%"
"16.07.2010","23.250","23.650","23.800","22.750","1.02M","-2.02%"
"15.07.2010","23.730","23.860","23.860","23.090","796.00K","-0.63%"
"14.07.2010","23.880","23.250","24.000","22.240","1.37M","3.74%"
"13.07.2010","23.020","22.690","23.300","22.690","1.84M","2.08%"
"12.07.2010","22.550","22.650","22.690","22.450","3.15M","-0.62%"
"09.07.2010","22.690","22.440","22.750","22.100","3.37M","1.11%"
"08.07.2010","22.440","22.600","22.600","22.050","3.23M","-0.13%"
"07.07.2010","22.470","21.750","22.520","21.400","1.72M","4.17%"
"06.07.2010","21.570","21.360","21.750","21.110","2.00M","1.55%"
"05.07.2010","21.240","21.300","21.300","21.050","161.20K","0.62%"
"02.07.2010","21.110","21.060","21.250","20.700","3.57M","0.52%"
"01.07.2010","21.000","20.870","21.440","20.750","7.10M","0.62%"
"30.06.2010","20.870","21.740","21.840","20.680","13.69M","-3.07%"
"29.06.2010","21.530","22.370","22.370","21.430","2.42M","-3.76%"
"28.06.2010","22.370","22.980","22.980","22.200","1.49M","-2.36%"
"25.06.2010","22.910","23.200","23.500","22.750","5.01M","-1.25%"
"24.06.2010","23.200","23.720","23.720","22.930","436.00K","-2.19%"
"23.06.2010","23.720","23.370","23.840","22.700","1.89M","1.50%"
"22.06.2010","23.370","24.120","24.270","23.000","495.80K","-3.11%"
"21.06.2010","24.120","24.110","24.400","23.950","1.43M","0.29%"
"18.06.2010","24.050","24.070","24.800","23.750","4.24M","-0.08%"
"17.06.2010","24.070","24.330","24.880","23.710","3.45M","-1.07%"
"16.06.2010","24.330","24.270","24.400","23.680","3.42M","0.25%"
"15.06.2010","24.270","23.570","24.500","23.480","3.41M","3.32%"
"14.06.2010","23.490","23.260","23.730","22.800","1.43M","0.99%"
"11.06.2010","23.260","22.550","23.450","22.550","2.47M","3.06%"
"10.06.2010","22.570","22.100","22.680","22.100","3.22M","2.92%"
"09.06.2010","21.930","22.230","22.500","21.750","1.63M","-0.95%"
"08.06.2010","22.140","21.510","22.230","21.510","1.31M","2.93%"
"07.06.2010","21.510","21.470","21.780","21.350","314.20K","0.19%"
"04.06.2010","21.470","21.500","21.950","21.250","1.14M","-1.42%"
"03.06.2010","21.780","21.250","22.250","21.000","2.50M","3.96%"
"02.06.2010","20.950","20.750","21.550","20.500","3.09M","0.00%"
"01.06.2010","20.950","21.410","21.680","20.750","7.59M","-2.15%"
"31.05.2010","21.410","21.770","21.800","21.250","6.90M","-1.65%"
"28.05.2010","21.770","21.800","22.500","21.750","3.87M","-3.03%"
"27.05.2010","22.450","22.270","22.550","21.800","12.14M","0.49%"
"26.05.2010","22.340","21.400","22.620","21.060","20.58M","7.40%"
"25.05.2010","20.800","20.870","21.150","20.250","3.26M","-0.34%"
"24.05.2010","20.870","21.250","21.250","20.750","1.19M","1.09%"
"21.05.2010","20.645","20.350","20.890","20.250","1.45M","1.45%"
"20.05.2010","20.350","20.350","20.945","20.200","2.97M","-1.29%"
"19.05.2010","20.615","20.650","20.945","20.400","9.32M","-0.98%"
"18.05.2010","20.820","21.640","21.930","20.575","2.43M","-3.72%"
"17.05.2010","21.625","21.400","21.750","20.550","2.01M","1.67%"
"14.05.2010","21.270","21.100","21.350","20.500","1.77M","-0.02%"
"13.05.2010","21.275","20.920","21.400","20.920","1.27M","1.84%"
"12.05.2010","20.890","20.250","20.950","20.200","2.48M","4.29%"
"11.05.2010","20.030","20.250","20.545","19.750","1.92M","-1.72%"
"10.05.2010","20.380","20.280","21.000","19.900","1.83M","2.85%"
"07.05.2010","19.815","19.850","20.000","19.520","1.17M","0.00%"
"06.05.2010","19.815","19.605","19.995","19.325","5.40M","1.07%"
"05.05.2010","19.605","19.500","20.395","19.330","4.40M","-0.76%"
"04.05.2010","19.755","20.515","20.580","19.650","4.23M","-3.96%"
"03.05.2010","20.570","20.720","21.295","20.320","6.27M","-0.68%"
"30.04.2010","20.710","21.245","21.245","20.425","9.60M","-0.34%"
"29.04.2010","20.780","21.520","21.520","20.590","3.16M","-3.46%"
"28.04.2010","21.525","21.140","21.595","20.250","3.79M","1.99%"
"27.04.2010","21.105","21.390","21.410","21.000","4.35M","-1.33%"
"26.04.2010","21.390","21.900","21.990","21.325","1.13M","-2.33%"
"23.04.2010","21.900","21.750","21.965","21.410","1.72M","0.81%"
"22.04.2010","21.725","22.250","22.250","21.650","3.20M","-2.77%"
"21.04.2010","22.345","22.100","22.475","22.100","892.40K","0.81%"
"20.04.2010","22.165","21.685","22.235","21.685","570.20K","2.26%"
"19.04.2010","21.675","21.735","22.125","21.650","6.29M","-0.34%"
"16.04.2010","21.750","22.250","22.360","21.635","1.03M","-2.75%"
"15.04.2010","22.365","22.425","22.550","22.150","1.45M","-0.04%"
"14.04.2010","22.375","22.380","22.550","22.250","2.63M","0.31%"
"13.04.2010","22.305","22.400","22.500","22.150","1.24M","-0.51%"
"12.04.2010","22.420","22.460","22.550","22.250","1.34M","-0.20%"
"09.04.2010","22.465","22.195","22.535","22.100","1.45M","0.99%"
"08.04.2010","22.245","21.490","22.400","21.490","1.55M","2.80%"
"07.04.2010","21.640","21.890","21.890","21.455","2.14M","-0.28%"
"06.04.2010","21.700","21.380","21.890","21.135","1.93M","2.67%"
"05.04.2010","21.135","22.250","22.250","20.805","5.74M","-0.31%"
"31.03.2010","21.200","21.850","22.200","21.030","9.20M","-2.66%"
"30.03.2010","21.780","22.145","22.300","21.745","2.87M","-1.65%"
"29.03.2010","22.145","22.275","22.500","21.875","1.86M","0.43%"
"26.03.2010","22.050","22.090","22.290","21.850","1.35M","-0.18%"
"25.03.2010","22.090","21.795","22.250","21.795","3.05M","1.35%"
"24.03.2010","21.795","22.125","22.430","21.750","2.80M","-1.18%"
"23.03.2010","22.055","22.945","22.945","22.015","2.52M","-1.58%"
"22.03.2010","22.410","22.390","22.945","22.350","1.71M","0.04%"
"19.03.2010","22.400","22.800","22.800","22.305","1.83M","-1.73%"
"18.03.2010","22.795","23.000","23.250","22.375","924.40K","-0.93%"
"17.03.2010","23.010","22.850","23.200","22.800","1.74M","1.48%"
"16.03.2010","22.675","22.375","23.045","22.005","3.31M","1.64%"
"12.03.2010","22.310","22.400","22.500","22.020","456.40K","0.38%"
"11.03.2010","22.225","21.935","22.395","21.850","893.00K","1.32%"
"10.03.2010","21.935","22.025","22.370","21.875","1.88M","-0.95%"
"09.03.2010","22.145","22.320","22.470","22.030","1.20M","-1.03%"
"08.03.2010","22.375","22.600","22.600","22.215","589.40K","-1.00%"
"05.03.2010","22.600","22.505","22.725","22.255","9.51M","1.01%"
"04.03.2010","22.375","22.410","22.745","22.195","582.00K","-0.16%"
"03.03.2010","22.410","21.980","22.600","21.980","1.72M","2.21%"
"02.03.2010","21.925","22.000","22.450","21.895","2.65M","0.00%"
"01.03.2010","21.925","22.255","22.500","21.785","6.80M","-1.02%"
"26.02.2010","22.150","22.800","23.500","21.750","7.86M","-2.79%"
"25.02.2010","22.785","23.385","23.385","22.500","984.60K","-2.57%"
"24.02.2010","23.385","23.135","23.750","23.130","1.03M","0.28%"
"23.02.2010","23.320","23.650","23.695","23.125","2.28M","-1.40%"
"22.02.2010","23.650","23.505","25.840","23.255","2.68M","0.62%"
"19.02.2010","23.505","22.495","24.940","22.490","4.38M","2.71%"
"18.02.2010","22.885","22.050","23.050","22.050","4.29M","3.81%"
"17.02.2010","22.045","22.000","22.150","21.905","2.17M","0.55%"
"16.02.2010","21.925","21.570","22.250","21.570","1.24M","1.91%"
"15.02.2010","21.515","21.400","21.525","20.850","19.20K","0.00%"
"12.02.2010","21.515","21.250","21.525","21.250","9.04M","0.82%"
"11.02.2010","21.340","21.575","21.795","21.150","1.14M","-1.43%"
"10.02.2010","21.650","20.940","22.250","20.125","13.17M","4.94%"
"09.02.2010","20.630","21.150","21.150","20.350","1.06M","-0.94%"
"08.02.2010","20.825","21.150","21.355","20.750","406.40K","-1.54%"
"05.02.2010","21.150","20.785","21.500","20.250","975.80K","1.27%"
"04.02.2010","20.885","20.625","21.000","20.260","1.61M","0.92%"
"03.02.2010","20.695","20.250","20.970","20.250","1.83M","2.55%"
"02.02.2010","20.180","20.255","20.950","20.065","2.41M","0.77%"
"29.01.2010","20.025","21.075","21.490","20.000","3.05M","-4.14%"
"28.01.2010","20.890","20.895","21.500","20.390","1.16M","0.02%"
"27.01.2010","20.885","19.920","21.075","19.810","2.08M","4.90%"
"26.01.2010","19.910","20.175","20.350","19.825","2.55M","-1.31%"
"25.01.2010","20.175","20.620","20.815","19.645","1.63M","-2.18%"
"22.01.2010","20.625","20.800","20.840","20.500","1.17M","-0.51%"
"21.01.2010","20.730","22.150","22.160","20.505","2.30M","-6.45%"
"20.01.2010","22.160","22.435","22.700","21.555","2.28M","-1.23%"
"19.01.2010","22.435","21.865","22.550","21.865","2.12M","2.61%"
"18.01.2010","21.865","21.800","22.245","21.520","154.40K","0.28%"
"15.01.2010","21.805","21.500","22.450","21.455","1.31M","1.35%"
"14.01.2010","21.515","20.505","21.995","20.505","2.86M","4.90%"
"13.01.2010","20.510","20.020","20.595","20.020","1.26M","1.31%"
"12.01.2010","20.245","20.700","20.750","20.010","1.33M","-1.70%"
"11.01.2010","20.595","20.655","21.155","20.005","961.20K","-0.29%"
"08.01.2010","20.655","20.005","21.000","20.005","1.60M","-0.96%"
"07.01.2010","20.855","20.220","20.950","20.220","1.46M","3.09%"
"06.01.2010","20.230","19.960","20.425","19.960","5.15M","1.33%"
"05.01.2010","19.965","19.945","20.475","19.530","2.60M","0.78%"
"04.01.2010","19.810","19.250","21.500","19.250","6.24M","3.91%"
"31.12.2009","19.065","19.515","19.715","19.000","3.28M","-3.12%"
"30.12.2009","19.680","20.020","20.100","19.550","1.67M","-1.70%"
"29.12.2009","20.020","19.950","20.130","19.800","23.41M","0.35%"
"28.12.2009","19.950","19.530","20.000","19.530","1.08M","0.23%"
"24.12.2009","19.905","19.800","19.995","19.610","756.20K","0.76%"
"23.12.2009","19.755","20.140","20.140","19.750","1.21M","-1.91%"
"22.12.2009","20.140","19.750","20.255","19.750","1.86M","1.82%"
"21.12.2009","19.780","19.730","19.995","19.730","1.76M","0.25%"
"18.12.2009","19.730","19.710","20.005","19.250","9.51M","0.43%"
"17.12.2009","19.645","19.250","19.700","19.120","1.95M","0.90%"
"16.12.2009","19.470","19.240","19.615","19.095","2.58M","2.77%"
"15.12.2009","18.945","19.030","19.725","18.900","2.83M","-2.14%"
"14.12.2009","19.360","19.225","19.450","18.925","2.45M","2.30%"
"11.12.2009","18.925","19.110","19.440","18.875","1.77M","-0.50%"
"10.12.2009","19.020","18.960","19.250","18.630","1.61M","1.36%"
"09.12.2009","18.765","18.800","19.495","18.575","2.94M","-2.39%"
"08.12.2009","19.225","19.500","19.905","19.080","1.50M","-1.46%"
"07.12.2009","19.510","19.555","19.750","19.195","931.40K","-0.23%"
"04.12.2009","19.555","19.525","19.770","19.500","1.57M","0.15%"
"03.12.2009","19.525","19.470","19.730","19.455","2.77M","0.33%"
"02.12.2009","19.460","18.705","19.555","18.705","4.49M","3.70%"
"01.12.2009","18.765","18.615","19.050","18.615","5.18M","1.79%"
"30.11.2009","18.435","18.585","18.770","18.375","5.16M","-0.57%"
"27.11.2009","18.540","18.465","18.745","18.350","1.93M","0.41%"
"26.11.2009","18.465","18.650","18.650","18.250","1.26M","-1.02%"
"25.11.2009","18.655","18.925","18.925","18.600","1.90M","0.40%"
"24.11.2009","18.580","18.705","18.945","18.550","4.42M","-0.67%"
"23.11.2009","18.705","19.095","19.095","18.605","3.58M","0.05%"
"20.11.2009","18.695","18.700","19.145","18.600","9.07M","-0.05%"
"19.11.2009","18.705","19.105","19.105","18.535","2.56M","-2.09%"
"18.11.2009","19.105","19.150","19.495","19.100","2.00M","-1.24%"
"17.11.2009","19.345","20.005","20.005","19.250","1.67M","-3.40%"
"13.11.2009","20.025","19.710","20.100","19.410","1.83M","1.62%"
"12.11.2009","19.705","19.595","19.875","19.575","1.05M","0.33%"
"11.11.2009","19.640","19.750","19.870","19.080","2.12M","0.49%"
"10.11.2009","19.545","19.175","19.650","18.750","2.14M","2.38%"
"09.11.2009","19.090","19.140","19.140","18.755","1.07M","1.17%"
"06.11.2009","18.870","18.995","18.995","18.555","1.91M","1.02%"
"05.11.2009","18.680","18.760","19.195","18.645","1.40M","-0.40%"
"04.11.2009","18.755","18.750","18.900","18.520","1.77M","0.91%"
"03.11.2009","18.585","18.680","19.150","18.500","869.00K","-0.56%"
"30.10.2009","18.690","18.850","19.190","18.515","2.02M","-2.71%"
"29.10.2009","19.210","18.800","19.445","18.755","3.44M","4.20%"
"28.10.2009","18.435","19.250","19.580","18.375","2.30M","-7.32%"
"27.10.2009","19.890","20.650","20.750","19.500","3.58M","-2.38%"
"26.10.2009","20.375","20.600","21.035","19.510","5.18M","-0.32%"
"23.10.2009","20.440","20.410","20.500","20.250","1.37M","0.15%"
"22.10.2009","20.410","20.300","20.750","20.300","2.87M","0.47%"
"21.10.2009","20.315","20.900","21.945","20.200","4.13M","-3.01%"
"20.10.2009","20.945","19.970","21.150","19.970","1.90M","4.88%"
"19.10.2009","19.970","20.105","20.105","19.555","1.11M","0.68%"
"16.10.2009","19.835","19.840","20.110","19.650","1.31M","-1.32%"
"15.10.2009","20.100","19.790","20.195","19.790","1.23M","1.57%"
"14.10.2009","19.790","19.895","20.250","19.585","1.93M","-0.25%"
"13.10.2009","19.840","19.900","20.000","19.525","1.37M","0.08%"
"12.10.2009","19.825","19.900","19.900","19.500","1.08M","1.04%"
"09.10.2009","19.620","19.810","19.950","19.500","463.20K","-0.96%"
"08.10.2009","19.810","19.885","20.000","19.750","1.96M","-0.38%"
"07.10.2009","19.885","19.405","19.990","19.095","1.17M","2.47%"
"06.10.2009","19.405","19.405","19.650","19.195","2.17M","0.03%"
"05.10.2009","19.400","19.120","19.505","19.050","823.00K","1.46%"
"02.10.2009","19.120","18.530","19.310","18.200","1.91M","3.18%"
"01.10.2009","18.530","19.130","19.285","18.250","2.44M","-3.14%"
"30.09.2009","19.130","19.895","20.000","19.000","2.52M","-2.65%"
"29.09.2009","19.650","19.630","20.125","19.500","1.09M","0.10%"
"28.09.2009","19.630","19.025","19.700","19.000","1.74M","4.06%"
"25.09.2009","18.865","18.495","19.070","17.955","1.13M","4.31%"
"24.09.2009","18.085","18.560","18.560","18.000","3.13M","-2.11%"
"23.09.2009","18.475","19.050","19.125","18.450","3.57M","-2.58%"
"22.09.2009","18.965","19.320","19.645","18.875","2.34M","-1.84%"
"21.09.2009","19.320","19.940","19.945","19.180","1.93M","-3.13%"
"18.09.2009","19.945","19.745","20.445","19.500","14.97M","1.06%"
"17.09.2009","19.735","19.695","20.000","19.500","1.12M","0.20%"
"15.09.2009","19.695","19.620","19.735","19.450","906.80K","1.52%"
"14.09.2009","19.400","19.400","19.490","18.995","1.13M","-0.15%"
"11.09.2009","19.430","19.500","19.725","19.250","1.06M","-0.36%"
"10.09.2009","19.500","19.320","19.500","19.100","1.01M","0.88%"
"09.09.2009","19.330","19.340","19.660","19.250","2.33M","-0.05%"
"08.09.2009","19.340","19.050","19.550","18.775","2.59M","1.68%"
"07.09.2009","19.020","18.555","19.125","18.555","594.80K","2.51%"
"04.09.2009","18.555","18.250","18.650","17.995","1.83M","2.83%"
"03.09.2009","18.045","18.000","18.250","17.800","1.63M","1.58%"
"02.09.2009","17.765","17.505","18.000","17.150","2.56M","1.49%"
"01.09.2009","17.505","18.375","18.375","17.500","2.41M","-2.51%"
"31.08.2009","17.955","17.905","18.150","17.500","2.08M","0.03%"
"28.08.2009","17.950","18.365","18.600","17.830","3.39M","-2.10%"
"27.08.2009","18.335","18.115","19.430","17.900","3.85M","1.33%"
"26.08.2009","18.095","17.850","18.325","17.500","6.50M","1.60%"
"25.08.2009","17.810","18.795","18.945","17.700","7.77M","-4.76%"
"24.08.2009","18.700","19.555","19.750","18.600","7.01M","-4.37%"
"21.08.2009","19.555","19.310","19.705","19.310","1.33M","1.32%"
"20.08.2009","19.300","19.500","19.785","18.880","3.04M","-2.72%"
"19.08.2009","19.840","19.560","20.000","19.425","1.13M","1.15%"
"18.08.2009","19.615","19.700","19.700","19.505","1.87M","0.95%"
"17.08.2009","19.430","20.485","20.485","19.280","3.00M","-6.23%"
"14.08.2009","20.720","20.000","20.940","19.700","1.07M","1.92%"
"13.08.2009","20.330","19.950","20.500","19.500","1.03M","3.38%"
"12.08.2009","19.665","19.175","19.915","19.175","599.60K","2.88%"
"11.08.2009","19.115","19.995","20.000","19.000","2.00M","-3.70%"
"10.08.2009","19.850","19.205","19.990","19.205","772.20K","3.36%"
"07.08.2009","19.205","19.150","19.475","19.110","1.63M","0.73%"
"06.08.2009","19.065","19.300","19.495","19.000","1.81M","-1.19%"
"05.08.2009","19.295","19.065","19.500","18.850","2.34M","1.21%"
"04.08.2009","19.065","18.950","19.225","18.750","1.26M","0.61%"
"03.08.2009","18.950","18.250","19.000","18.150","890.20K","4.78%"
"31.07.2009","18.085","18.880","18.900","18.000","1.65M","-2.79%"
"30.07.2009","18.605","19.000","19.100","18.575","716.80K","-0.48%"
"29.07.2009","18.695","18.805","19.125","18.675","1.92M","-1.08%"
"28.07.2009","18.900","18.300","18.970","18.300","1.25M","3.39%"
"27.07.2009","18.280","18.050","18.445","18.000","1.22M","1.27%"
"24.07.2009","18.050","18.960","18.960","18.000","1.95M","-4.80%"
"23.07.2009","18.960","18.595","19.400","18.595","1.89M","2.76%"
"22.07.2009","18.450","18.905","19.250","18.250","2.73M","-4.28%"
"21.07.2009","19.275","19.400","19.550","18.930","1.24M","-1.48%"
"20.07.2009","19.565","18.595","19.695","18.595","2.07M","5.22%"
"17.07.2009","18.595","18.915","19.250","18.500","2.03M","-1.69%"
"16.07.2009","18.915","18.845","19.225","18.600","2.12M","0.37%"
"15.07.2009","18.845","17.645","19.475","17.645","4.41M","7.96%"
"14.07.2009","17.455","17.200","17.750","17.200","2.43M","1.81%"
"13.07.2009","17.145","16.900","17.225","16.625","2.57M","1.33%"
"10.07.2009","16.920","17.100","17.200","16.750","2.00M","-0.65%"
"09.07.2009","17.030","16.775","17.240","16.550","1.92M","1.58%"
"08.07.2009","16.765","16.795","16.900","16.725","3.16M","0.24%"
"07.07.2009","16.725","17.080","17.130","16.590","3.66M","-2.08%"
"06.07.2009","17.080","17.000","17.250","17.000","1.52M","-0.32%"
"03.07.2009","17.135","17.275","17.440","17.060","395.80K","-0.81%"
"02.07.2009","17.275","17.745","17.745","17.250","1.96M","-2.92%"
"01.07.2009","17.795","17.600","17.875","17.400","1.65M","1.86%"
"30.06.2009","17.470","17.700","17.940","17.245","2.03M","-1.30%"
"29.06.2009","17.700","18.140","18.320","17.585","540.00K","-2.43%"
"26.06.2009","18.140","18.125","18.305","17.995","643.40K","0.08%"
"25.06.2009","18.125","17.895","18.245","17.850","2.05M","1.29%"
"24.06.2009","17.895","17.695","18.250","17.695","2.33M","3.11%"
"23.06.2009","17.355","17.245","17.630","16.775","2.50M","0.67%"
"22.06.2009","17.240","18.390","18.390","17.120","4.36M","-6.25%"
"19.06.2009","18.390","18.700","18.825","18.255","2.43M","-0.76%"
"18.06.2009","18.530","18.505","18.955","18.250","2.46M","-1.17%"
"17.06.2009","18.750","19.125","19.465","18.000","1.68M","-1.29%"
"16.06.2009","18.995","19.250","19.495","18.950","1.31M","-0.60%"
"15.06.2009","19.110","19.490","19.490","18.750","1.37M","-1.14%"
"12.06.2009","19.330","19.925","20.075","19.150","1.74M","-0.92%"
"11.06.2009","19.510","19.305","19.900","19.305","813.00K","1.06%"
"10.06.2009","19.305","19.670","19.995","19.150","1.90M","-1.66%"
"09.06.2009","19.630","19.520","20.100","19.520","408.40K","0.56%"
"08.06.2009","19.520","19.600","20.005","19.410","1.36M","-2.30%"
"05.06.2009","19.980","19.880","20.045","19.755","494.60K","0.86%"
"04.06.2009","19.810","20.000","20.150","19.620","1.90M","-1.02%"
"03.06.2009","20.015","20.075","20.195","19.250","1.53M","-0.30%"
"02.06.2009","20.075","19.245","20.235","19.080","1.57M","2.84%"
"01.06.2009","19.520","19.200","19.925","19.200","2.20M","1.99%"
"29.05.2009","19.140","20.245","20.245","18.750","1.50M","-5.71%"
"28.05.2009","20.300","20.470","20.470","19.520","886.60K","-0.83%"
"27.05.2009","20.470","21.225","21.225","20.400","1.14M","-3.42%"
"26.05.2009","21.195","20.250","21.205","20.245","2.05M","3.39%"
"25.05.2009","20.500","20.500","20.500","20.495","274.60K","0.02%"
"22.05.2009","20.495","21.000","21.000","20.300","918.60K","0.61%"
"21.05.2009","20.370","20.975","21.005","20.250","2.14M","-3.28%"
"20.05.2009","21.060","20.850","21.500","20.750","1.35M","2.38%"
"19.05.2009","20.570","19.895","20.970","19.895","4.22M","3.55%"
"18.05.2009","19.865","19.855","20.000","19.685","2.16M","0.48%"
"15.05.2009","19.770","19.900","19.900","19.395","3.09M","-0.65%"
"14.05.2009","19.900","19.920","20.005","19.850","2.15M","-1.17%"
"13.05.2009","20.135","20.490","20.500","19.900","1.74M","-1.71%"
"12.05.2009","20.485","20.850","20.850","20.300","2.43M","-1.94%"
"11.05.2009","20.890","21.475","21.500","20.850","1.48M","-2.97%"
"08.05.2009","21.530","20.525","21.940","20.470","3.27M","5.20%"
"07.05.2009","20.465","20.325","20.995","20.005","3.36M","0.79%"
"06.05.2009","20.305","19.800","20.350","19.800","1.87M","3.33%"
"05.05.2009","19.650","19.755","20.350","19.405","1.61M","-0.56%"
"04.05.2009","19.760","18.645","20.250","18.645","2.28M","6.04%"
"30.04.2009","18.635","19.000","19.225","18.365","2.69M","0.30%"
"29.04.2009","18.580","19.430","20.240","18.250","2.63M","-4.37%"
"28.04.2009","19.430","19.845","20.250","19.320","2.47M","-2.07%"
"27.04.2009","19.840","20.400","20.445","18.080","3.14M","-3.29%"
"24.04.2009","20.515","19.775","21.000","19.750","4.08M","3.98%"
"23.04.2009","19.730","19.265","20.000","19.100","2.46M","2.55%"
"22.04.2009","19.240","19.470","20.000","19.005","1.38M","-1.18%"
"21.04.2009","19.470","19.265","19.575","19.145","2.81M","1.06%"
"20.04.2009","19.265","20.000","20.000","19.005","477.00K","-3.80%"
"17.04.2009","20.025","20.195","20.380","19.645","1.28M","-0.84%"
"16.04.2009","20.195","21.980","21.980","19.805","1.88M","0.27%"
"15.04.2009","20.140","19.675","20.250","19.590","1.84M","2.23%"
"14.04.2009","19.700","18.995","19.750","18.995","3.75M","3.68%"
"13.04.2009","19.000","18.075","20.000","18.070","2.45M","5.15%"
"08.04.2009","18.070","18.700","18.700","17.985","1.92M","-2.98%"
"07.04.2009","18.625","18.450","18.850","18.445","1.94M","0.95%"
"06.04.2009","18.450","18.655","18.675","18.310","1.42M","-1.10%"
"03.04.2009","18.655","18.650","18.995","18.500","3.79M","0.08%"
"02.04.2009","18.640","18.005","18.700","18.005","2.28M","1.36%"
"01.04.2009","18.390","18.400","18.500","16.260","1.37M","0.35%"
"31.03.2009","18.325","17.995","18.995","17.950","2.92M","1.86%"
"30.03.2009","17.990","17.505","18.450","17.500","3.30M","-2.47%"
"27.03.2009","18.445","18.610","18.615","18.010","3.05M","-0.89%"
"26.03.2009","18.610","18.000","18.750","17.875","1.82M","4.11%"
"25.03.2009","17.875","18.005","18.005","17.635","1.49M","-0.56%"
"24.03.2009","17.975","18.440","18.700","17.845","1.28M","-2.52%"
"23.03.2009","18.440","18.285","18.750","18.285","2.72M","0.85%"
"20.03.2009","18.285","18.495","18.500","17.380","2.94M","-0.30%"
"19.03.2009","18.340","18.600","18.650","18.170","2.73M","-1.45%"
"18.03.2009","18.610","18.510","19.000","17.760","4.07M","0.59%"
"17.03.2009","18.500","18.570","19.100","18.490","9.20M","-0.38%"
"13.03.2009","18.570","17.980","19.000","17.725","7.90M","3.31%"
"12.03.2009","17.975","14.500","18.250","14.500","3.49M","23.97%"
"11.03.2009","14.500","14.500","14.730","14.300","2.68M","-0.21%"
"10.03.2009","14.530","14.750","15.290","14.250","2.24M","-0.14%"
"09.03.2009","14.550","15.265","15.350","14.125","1.33M","-0.72%"
"06.03.2009","14.655","14.810","14.925","14.545","776.80K","-1.97%"
"05.03.2009","14.950","14.150","15.050","14.100","1.18M","3.10%"
"04.03.2009","14.500","14.080","14.745","13.750","1.32M","3.17%"
"03.03.2009","14.055","14.400","14.400","13.580","2.27M","-2.63%"
"02.03.2009","14.435","14.490","14.505","13.900","1.57M","-0.82%"
"27.02.2009","14.555","15.510","15.510","14.250","3.99M","-6.97%"
"26.02.2009","15.645","16.510","16.510","15.505","5.56M","-5.24%"
"25.02.2009","16.510","16.345","16.800","16.250","837.00K","1.01%"
"24.02.2009","16.345","15.760","16.600","15.760","2.13M","0.77%"
"23.02.2009","16.220","16.000","16.395","15.900","628.60K","1.37%"
"20.02.2009","16.000","15.695","16.000","15.350","714.40K","1.91%"
"19.02.2009","15.700","15.500","15.895","15.055","481.40K","0.64%"
"18.02.2009","15.600","15.250","16.005","15.000","814.80K","1.76%"
"17.02.2009","15.330","15.230","15.750","14.800","438.80K","0.66%"
"16.02.2009","15.230","15.185","15.485","15.150","148.20K","2.66%"
"13.02.2009","14.835","14.900","15.290","14.800","1.00M","-0.77%"
"12.02.2009","14.950","14.700","15.195","14.560","1.17M","-0.20%"
"11.02.2009","14.980","15.560","15.575","14.515","1.28M","-3.73%"
"10.02.2009","15.560","16.500","16.500","15.300","2.31M","-5.84%"
"09.02.2009","16.525","16.225","16.600","16.225","538.60K","0.70%"
"06.02.2009","16.410","16.470","16.500","16.095","1.80M","0.46%"
"05.02.2009","16.335","16.215","16.455","15.925","841.00K","0.74%"
"04.02.2009","16.215","15.940","16.325","15.400","6.64M","1.73%"
"03.02.2009","15.940","16.035","16.470","15.755","2.72M","-0.59%"
"30.01.2009","16.035","15.695","16.400","15.450","1.79M","2.17%"
"29.01.2009","15.695","15.915","15.920","15.400","1.94M","-1.41%"
"28.01.2009","15.920","15.945","16.070","15.245","1.65M","2.08%"
"27.01.2009","15.595","15.670","15.750","15.450","792.40K","-0.29%"
"26.01.2009","15.640","15.415","15.835","15.305","1.41M","2.46%"
"23.01.2009","15.265","15.030","15.745","15.030","1.23M","1.56%"
"22.01.2009","15.030","15.245","15.595","14.825","1.59M","-1.41%"
"21.01.2009","15.245","15.245","15.455","14.950","1.60M","0.00%"
"20.01.2009","15.245","15.170","15.780","15.000","1.89M","-1.84%"
"19.01.2009","15.530","15.510","15.795","15.500","199.00K","0.10%"
"16.01.2009","15.515","15.435","15.640","15.250","3.93M","-1.05%"
"15.01.2009","15.680","15.690","15.850","15.100","3.56M","-0.06%"
"14.01.2009","15.690","15.695","15.975","15.100","2.93M","-0.44%"
"13.01.2009","15.760","15.845","15.920","15.300","2.40M","-0.16%"
"12.01.2009","15.785","15.650","15.970","14.800","2.33M","0.93%"
"09.01.2009","15.640","16.125","16.125","15.365","1.58M","-2.77%"
"08.01.2009","16.085","16.100","16.150","15.000","3.09M","-0.22%"
"07.01.2009","16.120","16.500","16.505","16.050","971.00K","-2.33%"
"06.01.2009","16.505","16.660","16.995","16.400","1.85M","-0.69%"
"05.01.2009","16.620","17.500","17.500","16.495","2.03M","-4.12%"
"02.01.2009","17.335","16.000","17.500","16.000","1.40M","7.17%"
"31.12.2008","16.175","16.470","16.500","16.000","448.40K","-1.79%"
"30.12.2008","16.470","16.790","16.795","16.250","944.60K","-1.94%"
"29.12.2008","16.795","16.815","17.250","16.600","361.20K","-0.12%"
"26.12.2008","16.815","16.600","16.840","16.600","156.60K","1.91%"
"24.12.2008","16.500","16.500","16.600","16.500","593.40K","-0.63%"
"23.12.2008","16.605","16.925","16.950","16.590","957.80K","-0.33%"
"22.12.2008","16.660","16.760","16.950","16.525","988.60K","-0.60%"
"19.12.2008","16.760","16.420","17.500","16.000","2.99M","2.07%"
"18.12.2008","16.420","17.720","18.000","16.050","2.69M","-3.07%"
"17.12.2008","16.940","16.875","17.650","16.475","2.14M","1.35%"
"16.12.2008","16.715","16.500","17.000","16.470","2.79M","3.53%"
"15.12.2008","16.145","17.000","17.010","15.850","2.26M","-4.01%"
"11.12.2008","16.820","17.280","17.490","16.650","499.00K","-2.61%"
"10.12.2008","17.270","18.250","18.250","17.100","1.49M","-4.03%"
"09.12.2008","17.995","18.075","18.085","17.500","880.80K","-0.44%"
"08.12.2008","18.075","18.095","18.250","17.685","972.40K","2.18%"
"05.12.2008","17.690","16.500","18.090","16.200","773.00K","3.36%"
"04.12.2008","17.115","16.850","18.150","16.500","1.35M","3.10%"
"03.12.2008","16.600","16.825","16.825","16.500","586.40K","-1.45%"
"02.12.2008","16.845","16.750","16.895","16.450","1.41M","0.36%"
"01.12.2008","16.785","17.200","17.575","16.500","1.35M","-4.36%"
"28.11.2008","17.550","17.775","18.445","16.150","1.94M","-1.32%"
"27.11.2008","17.785","16.620","18.995","16.250","614.40K","7.01%"
"26.11.2008","16.620","15.680","16.750","14.500","2.32M","5.99%"
"25.11.2008","15.680","15.745","16.900","15.650","1.50M","-0.41%"
"24.11.2008","15.745","15.305","15.820","15.305","2.06M","4.10%"
"21.11.2008","15.125","15.350","15.540","15.030","1.79M","-1.01%"
"20.11.2008","15.280","15.550","15.750","15.250","973.00K","-1.74%"
"19.11.2008","15.550","15.715","15.750","15.400","2.28M","-1.05%"
"18.11.2008","15.715","16.595","16.595","15.555","1.63M","-5.30%"
"14.11.2008","16.595","17.040","17.045","16.350","1.44M","-2.38%"
"13.11.2008","17.000","16.395","17.000","16.375","3.18M","3.69%"
"12.11.2008","16.395","16.135","17.000","16.135","2.76M","-1.41%"
"11.11.2008","16.630","17.000","17.000","16.105","1.64M","-3.59%"
"10.11.2008","17.250","17.500","17.500","16.650","943.40K","-0.63%"
"07.11.2008","17.360","16.510","17.500","16.510","2.18M","5.15%"
"06.11.2008","16.510","16.890","16.890","15.860","1.42M","-2.25%"
"05.11.2008","16.890","17.500","17.790","16.110","2.10M","-4.28%"
"04.11.2008","17.645","17.820","17.850","17.555","2.38M","1.76%"
"03.11.2008","17.340","17.400","17.795","17.005","3.39M","-0.94%"
"31.10.2008","17.505","17.350","18.000","16.750","3.30M","0.89%"
"30.10.2008","17.350","17.485","17.490","17.100","5.81M","0.03%"
"29.10.2008","17.345","16.130","17.505","16.125","1.97M","7.57%"
"28.10.2008","16.125","14.765","16.125","14.750","1.31M","9.28%"
"27.10.2008","14.755","15.245","15.495","14.745","3.54M","-1.17%"
"24.10.2008","14.930","15.500","15.500","14.500","2.67M","-5.27%"
"23.10.2008","15.760","16.705","16.705","15.550","4.04M","-5.66%"
"22.10.2008","16.705","17.725","17.725","15.100","1.85M","-5.89%"
"21.10.2008","17.750","17.865","17.900","17.400","3.09M","-0.67%"
"20.10.2008","17.870","18.745","18.745","17.150","3.22M","-0.61%"
"17.10.2008","17.980","18.300","18.300","17.750","1.69M","-1.34%"
"16.10.2008","18.225","18.010","18.250","16.800","2.70M","-2.80%"
"15.10.2008","18.750","18.005","18.905","18.000","18.74M","3.94%"
"14.10.2008","18.040","18.000","18.250","16.535","2.29M","3.03%"
"13.10.2008","17.510","17.950","19.250","16.500","674.37M","-1.41%"
"10.10.2008","17.760","16.750","17.925","16.725","4.90M","5.84%"
"09.10.2008","16.780","17.540","17.985","16.500","1.49M","-4.33%"
"08.10.2008","17.540","17.605","18.250","16.880","2.34M","-0.37%"
"07.10.2008","17.605","18.745","18.810","16.880","1.92M","-4.86%"
"06.10.2008","18.505","18.645","18.645","17.650","1.87M","-1.31%"
"03.10.2008","18.750","18.885","19.260","18.745","2.76M","-0.71%"
"02.10.2008","18.885","19.000","19.205","18.650","1.40M","-0.63%"
"01.10.2008","19.005","18.780","19.255","18.550","3.57M","1.20%"
"30.09.2008","18.780","18.745","18.950","18.645","1.42M","2.45%"
"29.09.2008","18.330","18.995","19.000","18.065","1.40M","-3.55%"
"26.09.2008","19.005","18.990","19.250","18.750","1.96M","0.11%"
"25.09.2008","18.985","18.640","19.130","18.625","2.63M","3.66%"
"24.09.2008","18.315","18.550","18.690","18.035","2.08M","-1.51%"
"23.09.2008","18.595","18.075","18.750","18.075","1.75M","2.88%"
"22.09.2008","18.075","18.165","18.475","17.505","1.42M","-0.44%"
"19.09.2008","18.155","18.400","18.470","17.750","2.98M","3.30%"
"18.09.2008","17.575","17.500","18.000","16.850","17.04M","2.27%"
"17.09.2008","17.185","18.075","18.090","17.000","3.00M","-6.83%"
"15.09.2008","18.445","18.700","18.945","18.125","884.20K","-1.63%"
"12.09.2008","18.750","18.430","18.750","18.430","793.60K","1.74%"
"11.09.2008","18.430","17.660","18.500","17.655","970.40K","1.77%"
"10.09.2008","18.110","17.725","18.235","17.725","1.08M","2.17%"
"09.09.2008","17.725","17.980","18.050","17.700","1.48M","-0.59%"
"08.09.2008","17.830","18.250","18.250","17.600","936.00K","-0.03%"
"05.09.2008","17.835","17.505","18.000","17.505","1.13M","0.85%"
"04.09.2008","17.685","17.505","17.750","17.340","1.24M","0.08%"
"03.09.2008","17.670","17.525","17.995","16.655","1.50M","0.66%"
"02.09.2008","17.555","17.700","17.745","17.545","2.09M","-0.82%"
"01.09.2008","17.700","17.925","17.925","17.650","180.00K","-0.73%"
"29.08.2008","17.830","17.890","17.970","17.475","1.06M","1.94%"
"28.08.2008","17.490","17.400","17.500","17.345","1.37M","0.63%"
"27.08.2008","17.380","18.000","18.025","17.305","1.05M","-1.70%"
"26.08.2008","17.680","17.925","18.180","17.425","1.20M","-2.54%"
"25.08.2008","18.140","18.000","18.300","18.000","468.20K","-1.23%"
"22.08.2008","18.365","18.090","18.500","18.090","1.00M","1.52%"
"21.08.2008","18.090","18.285","18.285","18.050","1.37M","-1.52%"
"20.08.2008","18.370","18.500","18.695","18.250","2.71M","-0.65%"
"19.08.2008","18.490","18.450","18.690","18.350","978.60K","-0.11%"
"18.08.2008","18.510","18.345","18.745","18.345","252.00K","-2.42%"
"15.08.2008","18.970","18.745","19.000","18.630","1.67M","1.17%"
"14.08.2008","18.750","18.850","18.850","18.705","1.04M","-0.42%"
"13.08.2008","18.830","18.505","18.850","18.505","911.20K","1.13%"
"12.08.2008","18.620","18.530","19.000","18.530","370.60K","-1.38%"
"11.08.2008","18.880","18.820","19.000","18.765","918.40K","0.27%"
"08.08.2008","18.830","18.900","18.950","18.750","1.39M","-0.08%"
"07.08.2008","18.845","18.835","18.950","18.600","2.36M","0.05%"
"06.08.2008","18.835","18.900","18.900","18.615","765.60K","-0.34%"
"05.08.2008","18.900","18.995","19.050","18.505","982.20K","0.13%"
"04.08.2008","18.875","18.370","18.900","18.005","561.80K","1.64%"
"01.08.2008","18.570","18.890","18.890","18.505","531.60K","-1.67%"
"31.07.2008","18.885","18.900","18.975","18.775","1.34M","-0.08%"
"30.07.2008","18.900","18.950","19.050","18.895","1.38M","0.16%"
"29.07.2008","18.870","18.685","18.950","18.685","1.18M","0.99%"
"28.07.2008","18.685","18.850","18.850","18.000","2.77M","-0.85%"
"25.07.2008","18.845","18.210","18.850","18.210","1.83M","3.49%"
"24.07.2008","18.210","18.395","18.850","18.195","2.06M","-1.01%"
"23.07.2008","18.395","18.900","18.995","18.250","1.42M","-2.67%"
"22.07.2008","18.900","18.650","18.995","18.150","2.55M","2.63%"
"21.07.2008","18.415","18.200","18.685","18.000","832.80K","1.71%"
"18.07.2008","18.105","17.965","18.250","17.575","669.80K","1.12%"
"17.07.2008","17.905","18.050","18.500","17.005","857.40K","-0.80%"
"16.07.2008","18.050","17.700","18.200","17.385","1.04M","3.00%"
"15.07.2008","17.525","17.505","17.750","17.125","991.00K","-1.02%"
"14.07.2008","17.705","17.755","17.930","17.500","1.91M","-0.31%"
"11.07.2008","17.760","18.025","18.125","17.500","1.45M","-1.69%"
"10.07.2008","18.065","17.565","18.345","17.100","1.80M","2.85%"
"09.07.2008","17.565","17.065","18.250","17.065","1.82M","2.93%"
"08.07.2008","17.065","17.255","17.255","16.750","7.86M","-1.10%"
"07.07.2008","17.255","17.500","17.600","17.050","2.22M","-1.40%"
"04.07.2008","17.500","17.800","17.835","17.500","844.80K","-1.85%"
"03.07.2008","17.830","17.985","18.000","17.750","1.49M","-0.86%"
"02.07.2008","17.985","17.975","18.100","17.925","3.84M","0.03%"
"01.07.2008","17.980","18.680","19.000","17.925","3.47M","-3.75%"
"30.06.2008","18.680","18.360","19.000","18.360","1.64M","1.77%"
"27.06.2008","18.355","17.740","18.430","17.650","2.68M","3.15%"
"26.06.2008","17.795","18.510","18.510","17.630","1.56M","-2.33%"
"25.06.2008","18.220","18.355","18.700","18.220","1.04M","-2.02%"
"24.06.2008","18.595","18.625","18.875","18.250","2.74M","-0.93%"
"23.06.2008","18.770","18.620","19.100","18.340","993.20K","-0.74%"
"20.06.2008","18.910","18.830","19.000","18.545","3.89M","-0.13%"
"19.06.2008","18.935","18.605","19.000","18.450","2.97M","0.40%"
"18.06.2008","18.860","18.505","19.000","18.505","2.42M","0.32%"
"17.06.2008","18.800","19.180","19.350","18.055","2.18M","-2.99%"
"16.06.2008","19.380","19.290","19.465","18.765","1.28M","1.20%"
"13.06.2008","19.150","19.155","19.500","19.000","2.39M","-0.03%"
"12.06.2008","19.155","19.000","19.250","18.750","3.54M","0.92%"
"11.06.2008","18.980","19.000","19.100","18.750","1.74M","-0.16%"
"10.06.2008","19.010","18.995","19.050","18.950","2.91M","-0.26%"
"09.06.2008","19.060","19.060","19.125","18.885","4.02M","0.00%"
"06.06.2008","19.060","19.140","19.250","19.000","12.47M","-0.42%"
"05.06.2008","19.140","19.355","19.355","19.000","12.52M","-1.11%"
"04.06.2008","19.355","19.750","19.750","19.250","7.65M","-2.00%"
"03.06.2008","19.750","19.495","19.850","19.495","1.56M","0.77%"
"02.06.2008","19.600","19.725","19.725","19.250","3.68M","-0.63%"
"30.05.2008","19.725","18.700","20.000","18.700","48.68M","6.59%"
"29.05.2008","18.505","18.750","18.775","18.500","1.72M","-1.31%"
"28.05.2008","18.750","19.245","19.245","18.725","2.62M","-2.14%"
"27.05.2008","19.160","19.250","19.400","19.000","10.27M","0.84%"
"26.05.2008","19.000","18.515","19.250","18.500","4.69M","7.16%"
"23.05.2008","17.730","17.500","18.000","17.495","3.44M","1.58%"
"22.05.2008","17.455","17.495","17.760","17.450","2.73M","-0.29%"
"21.05.2008","17.505","17.445","17.625","17.400","1.97M","0.34%"
"20.05.2008","17.445","17.420","17.500","17.420","1.22M","0.14%"
"19.05.2008","17.420","17.495","17.500","17.015","1.12M","2.59%"
"16.05.2008","16.980","17.150","17.500","16.950","4.86M","-0.09%"
"15.05.2008","16.995","16.370","17.100","16.370","6.52M","3.82%"
"14.05.2008","16.370","16.250","16.505","16.150","2.30M","1.08%"
"13.05.2008","16.195","16.245","16.250","16.000","4.61M","-0.31%"
"12.05.2008","16.245","16.425","16.500","16.175","2.48M","-1.22%"
"09.05.2008","16.445","16.600","16.600","16.080","930.40K","-1.05%"
"08.05.2008","16.620","16.590","16.700","16.500","609.40K","0.18%"
"07.05.2008","16.590","16.625","16.640","16.485","551.80K","-0.30%"
"06.05.2008","16.640","16.605","16.700","16.605","476.80K","0.21%"
"05.05.2008","16.605","16.700","16.800","16.500","2.57M","-0.57%"
"02.05.2008","16.700","16.750","16.750","16.600","2.26M","-0.21%"
"30.04.2008","16.735","16.745","16.750","16.595","3.13M","0.63%"
"29.04.2008","16.630","16.995","16.995","16.600","18.46M","-1.51%"
"28.04.2008","16.885","16.995","17.000","16.870","1.44M","-0.65%"
"25.04.2008","16.995","16.675","17.005","16.650","4.69M","1.92%"
"24.04.2008","16.675","16.525","17.075","16.450","921.40K","0.85%"
"23.04.2008","16.535","17.095","17.095","16.255","1.22M","-3.28%"
"22.04.2008","17.095","17.135","17.195","16.810","2.48M","-0.26%"
"21.04.2008","17.140","17.310","17.495","17.050","15.68M","0.00%"
"18.04.2008","17.140","17.720","17.800","16.990","972.40K","-3.27%"
"17.04.2008","17.720","17.400","17.850","17.050","1.13M","3.99%"
"16.04.2008","17.040","17.145","17.550","17.005","593.40K","0.03%"
"15.04.2008","17.035","17.000","17.400","16.750","1.13M","0.47%"
"14.04.2008","16.955","17.150","17.155","16.255","743.40K","-0.24%"
"11.04.2008","16.995","16.995","17.400","16.600","770.40K","0.00%"
"10.04.2008","16.995","17.100","17.350","16.895","2.20M","-1.48%"
"09.04.2008","17.250","17.150","17.400","17.150","3.02M","2.43%"
"08.04.2008","16.840","16.175","16.900","16.175","4.36M","4.11%"
"07.04.2008","16.175","16.220","16.225","16.000","6.84M","-0.28%"
"04.04.2008","16.220","15.800","16.400","15.700","947.20K","2.95%"
"03.04.2008","15.755","15.645","15.850","15.405","1.33M","2.54%"
"02.04.2008","15.365","15.750","16.250","15.200","2.10M","0.20%"
"01.04.2008","15.335","16.000","16.665","14.995","4.60M","-3.95%"
"31.03.2008","15.965","15.085","16.700","15.085","4.44M","5.83%"
"28.03.2008","15.085","15.000","15.250","14.900","848.00K","0.57%"
"27.03.2008","15.000","14.750","15.005","14.625","655.40K","0.94%"
"26.03.2008","14.860","14.505","15.000","14.500","555.60K","2.55%"
"25.03.2008","14.490","14.250","14.550","14.245","938.40K","1.58%"
"24.03.2008","14.265","14.490","14.950","14.250","512.20K","-1.07%"
"19.03.2008","14.420","13.430","15.000","13.240","1.87M","7.37%"
"18.03.2008","13.430","13.625","13.750","13.425","246.40K","-1.50%"
"14.03.2008","13.635","14.245","14.245","13.500","368.40K","-2.43%"
"13.03.2008","13.975","14.035","14.250","13.950","1.42M","-0.43%"
"12.03.2008","14.035","14.460","14.500","14.010","1.39M","-2.94%"
"11.03.2008","14.460","14.500","15.050","14.450","2.21M","0.70%"
"10.03.2008","14.360","14.255","14.625","14.250","1.26M","1.31%"
"07.03.2008","14.175","14.200","14.750","14.000","1.80M","-0.53%"
"06.03.2008","14.250","14.585","14.850","13.755","1.39M","-2.30%"
"05.03.2008","14.585","14.250","14.650","14.250","711.60K","2.35%"
"04.03.2008","14.250","13.995","14.545","13.995","1.24M","1.82%"
"03.03.2008","13.995","13.840","14.505","13.750","2.00M","1.12%"
"29.02.2008","13.840","13.640","14.350","13.410","1.09M","3.63%"
"28.02.2008","13.355","13.260","13.950","13.205","3.82M","0.68%"
"27.02.2008","13.265","13.320","13.500","13.200","1.03M","-0.41%"
"26.02.2008","13.320","13.585","13.600","13.300","2.06M","-2.02%"
"25.02.2008","13.595","13.505","13.795","13.500","1.16M","-2.30%"
"22.02.2008","13.915","13.400","14.200","13.305","545.00K","4.04%"
"21.02.2008","13.375","13.095","13.500","13.010","754.20K","2.37%"
"20.02.2008","13.065","12.940","13.100","12.940","609.00K","0.89%"
"19.02.2008","12.950","13.090","13.090","12.805","1.61M","-0.23%"
"18.02.2008","12.980","13.070","13.070","12.930","17.20K","0.82%"
"15.02.2008","12.875","13.050","13.100","12.875","2.46M","-0.39%"
"14.02.2008","12.925","12.935","13.050","12.855","1.13M","-0.04%"
"13.02.2008","12.930","13.050","13.105","12.850","2.36M","-0.61%"
"12.02.2008","13.010","13.200","13.250","12.950","1.30M","-1.44%"
"11.02.2008","13.200","13.155","13.425","13.095","255.20K","-2.00%"
"08.02.2008","13.470","12.875","13.750","12.875","6.88M","4.62%"
"07.02.2008","12.875","13.000","13.600","12.750","712.80K","-0.58%"
"06.02.2008","12.950","12.745","13.250","12.745","821.60K","1.57%"
"05.02.2008","12.750","12.625","12.995","12.625","1.02M","1.43%"
"01.02.2008","12.570","12.800","12.800","12.500","2.42M","-0.44%"
"31.01.2008","12.625","12.945","13.255","12.500","1.86M","-2.47%"
"30.01.2008","12.945","13.050","13.250","12.875","786.40K","-0.80%"
"29.01.2008","13.050","13.315","13.395","12.900","1.08M","-1.99%"
"28.01.2008","13.315","13.150","13.555","13.150","453.20K","1.06%"
"25.01.2008","13.175","13.375","13.375","13.100","2.63M","-0.15%"
"24.01.2008","13.195","14.250","14.250","13.075","2.24M","-4.90%"
"23.01.2008","13.875","13.095","14.950","12.950","1.16M","6.73%"
"22.01.2008","13.000","13.000","13.025","13.000","555.40K","0.93%"
"21.01.2008","12.880","13.025","13.200","12.850","569.20K","-1.15%"
"18.01.2008","13.030","13.330","13.330","12.750","668.00K","-2.25%"
"17.01.2008","13.330","13.105","13.750","12.935","1.43M","1.41%"
"16.01.2008","13.145","12.775","13.650","12.745","1.64M","2.90%"
"15.01.2008","12.775","12.500","13.025","12.050","5.18M","2.32%"
"14.01.2008","12.485","12.805","12.885","12.250","1.68M","-2.50%"
"11.01.2008","12.805","12.935","13.125","12.750","455.40K","-1.01%"
"10.01.2008","12.935","13.250","13.300","12.860","1.21M","-0.84%"
"09.01.2008","13.045","13.400","13.400","12.580","1.31M","-2.94%"
"08.01.2008","13.440","13.900","14.000","13.015","605.20K","-1.39%"
"07.01.2008","13.630","14.555","14.555","13.400","1.27M","-6.32%"
"04.01.2008","14.550","13.405","14.555","13.400","492.60K","6.79%"
"03.01.2008","13.625","14.000","14.000","13.500","417.40K","-2.64%"
"02.01.2008","13.995","14.015","14.450","13.920","496.40K","-1.30%"
"31.12.2007","14.180","13.655","15.000","13.650","407.00K","2.60%"
"28.12.2007","13.820","13.495","13.995","13.425","536.80K","3.29%"
"27.12.2007","13.380","14.085","14.085","13.250","101.00K","-5.01%"
"26.12.2007","14.085","13.990","14.250","13.975","178.80K","-2.86%"
"24.12.2007","14.500","14.630","14.630","14.400","6.60K","-0.89%"
"21.12.2007","14.630","14.950","15.000","14.375","796.60K","-2.40%"
"20.12.2007","14.990","15.250","15.250","14.950","15.90M","-1.35%"
"19.12.2007","15.195","14.700","15.250","14.700","1.01M","3.72%"
"18.12.2007","14.650","14.900","14.905","14.500","972.00K","-2.07%"
"17.12.2007","14.960","14.500","15.000","14.450","1.34M","3.21%"
"14.12.2007","14.495","14.405","14.500","14.405","1.03M","0.66%"
"13.12.2007","14.400","14.255","14.505","14.255","2.44M","1.05%"
"11.12.2007","14.250","14.500","14.500","14.200","524.00K","-1.59%"
"10.12.2007","14.480","14.245","14.500","14.245","1.10M","2.01%"
"07.12.2007","14.195","13.995","14.750","13.995","10.06M","2.45%"
"06.12.2007","13.855","13.550","13.900","13.550","1.12M","2.36%"
"05.12.2007","13.535","13.940","14.000","13.500","297.60K","-3.18%"
"04.12.2007","13.980","13.505","14.000","13.425","489.00K","3.52%"
"03.12.2007","13.505","13.620","13.620","13.500","207.20K","-0.81%"
"30.11.2007","13.615","13.790","13.795","13.410","191.40K","1.57%"
"29.11.2007","13.405","13.710","13.710","13.375","416.00K","-2.22%"
"28.11.2007","13.710","13.230","13.750","13.230","783.20K","3.63%"
"27.11.2007","13.230","12.800","13.255","12.800","1.17M","3.36%"
"26.11.2007","12.800","12.355","13.255","12.350","2.78M","3.60%"
"23.11.2007","12.355","12.250","12.970","12.245","1.32M","0.04%"
"22.11.2007","12.350","12.600","12.600","12.350","145.60K","-1.95%"
"21.11.2007","12.595","13.200","13.240","11.780","224.20K","-5.44%"
"20.11.2007","13.320","13.800","13.805","13.310","423.60K","-3.51%"
"16.11.2007","13.805","13.150","13.950","13.090","1.22M","4.19%"
"15.11.2007","13.250","13.515","13.550","13.250","321.60K","-1.96%"
"14.11.2007","13.515","14.200","14.200","13.500","1.59M","-4.79%"
"13.11.2007","14.195","14.350","14.350","13.900","173.40K","-1.08%"
"12.11.2007","14.350","14.465","14.500","14.255","898.20K","-0.76%"
"09.11.2007","14.460","14.240","14.500","14.150","5.18M","1.58%"
"08.11.2007","14.235","13.650","14.300","13.650","3.63M","3.91%"
"07.11.2007","13.700","14.050","14.185","13.500","813.00K","-2.25%"
"06.11.2007","14.015","14.405","14.405","13.750","414.00K","-2.74%"
"05.11.2007","14.410","14.250","14.450","14.200","429.80K","-0.62%"
"01.11.2007","14.500","14.230","14.500","14.230","3.04M","1.75%"
"31.10.2007","14.250","14.035","14.250","13.655","330.40K","1.53%"
"30.10.2007","14.035","13.840","14.200","13.835","2.00M","1.41%"
"29.10.2007","13.840","14.270","14.275","13.750","270.20K","-3.05%"
"26.10.2007","14.275","14.350","14.350","14.095","749.60K","-0.90%"
"25.10.2007","14.405","14.050","14.500","14.000","1.10M","2.49%"
"24.10.2007","14.055","14.105","14.105","13.900","593.20K","-0.35%"
"23.10.2007","14.105","14.295","14.295","13.995","394.00K","-1.33%"
"22.10.2007","14.295","14.295","14.310","14.295","111.20K","-0.59%"
"19.10.2007","14.380","14.750","14.750","14.255","1.09M","-2.51%"
"18.10.2007","14.750","14.000","14.750","13.995","4.49M","5.39%"
"17.10.2007","13.995","13.625","14.010","13.400","2.60M","3.32%"
"16.10.2007","13.545","13.475","13.600","13.180","375.20K","2.15%"
"15.10.2007","13.260","13.105","13.500","13.040","5.12M","1.34%"
"12.10.2007","13.085","13.315","13.775","13.000","1.32M","-1.76%"
"11.10.2007","13.320","13.900","14.000","13.100","1.90M","-1.70%"
"10.10.2007","13.550","13.400","13.695","13.400","642.60K","1.42%"
"09.10.2007","13.360","13.580","13.745","13.250","862.00K","-1.62%"
"08.10.2007","13.580","13.150","13.700","13.150","3.66M","3.35%"
"05.10.2007","13.140","13.050","13.245","13.050","1.19M","0.69%"
"04.10.2007","13.050","12.985","13.050","12.950","394.40K","0.50%"
"03.10.2007","12.985","13.280","13.280","12.980","1.08M","-1.96%"
"02.10.2007","13.245","13.055","13.350","13.050","2.65M","1.61%"
"01.10.2007","13.035","13.100","13.100","13.000","1.10M","-0.50%"
"28.09.2007","13.100","13.245","13.250","13.030","635.80K","0.38%"
"27.09.2007","13.050","13.100","13.125","12.995","1.29M","-1.21%"
"26.09.2007","13.210","13.005","13.300","12.950","1.46M","1.69%"
"25.09.2007","12.990","13.045","13.090","12.750","2.76M","-0.38%"
"24.09.2007","13.040","13.350","13.355","12.630","721.80K","-1.70%"
"21.09.2007","13.265","13.350","14.050","11.500","1.95M","-0.64%"
"20.09.2007","13.350","13.460","13.470","13.260","681.60K","0.98%"
"19.09.2007","13.220","13.300","13.580","13.105","1.24M","0.46%"
"18.09.2007","13.160","13.500","13.575","13.150","616.00K","-0.83%"
"17.09.2007","13.270","12.950","13.500","12.950","566.00K","2.47%"
"14.09.2007","12.950","13.125","13.140","12.850","395.20K","-1.52%"
"13.09.2007","13.150","13.150","13.325","13.125","733.20K","0.96%"
"12.09.2007","13.025","13.450","13.500","13.000","675.60K","-3.16%"
"11.09.2007","13.450","13.500","13.500","13.225","871.40K","-0.37%"
"10.09.2007","13.500","13.550","13.550","13.115","582.80K","-0.26%"
"07.09.2007","13.535","13.450","13.550","13.110","1.01M","0.37%"
"06.09.2007","13.485","13.445","13.535","13.250","11.85M","0.45%"
"05.09.2007","13.425","13.345","13.430","13.285","565.80K","0.60%"
"04.09.2007","13.345","13.350","13.390","13.000","1.77M","0.19%"
"03.09.2007","13.320","13.445","13.450","13.250","189.20K","-0.93%"
"31.08.2007","13.445","13.490","13.500","13.235","1.27M","1.40%"
"30.08.2007","13.260","13.400","13.400","13.010","2.09M","-0.08%"
"29.08.2007","13.270","13.550","13.555","13.205","14.10M","-1.12%"
"28.08.2007","13.420","13.200","13.525","13.010","1.67M","1.67%"
"27.08.2007","13.200","13.245","13.255","13.100","1.12M","0.57%"
"24.08.2007","13.125","13.460","13.470","13.100","1.23M","-2.49%"
"23.08.2007","13.460","13.805","13.805","13.450","689.20K","-2.78%"
"22.08.2007","13.845","14.050","14.050","13.845","1.15M","-0.40%"
"21.08.2007","13.900","13.900","13.950","13.850","1.29M","0.72%"
"20.08.2007","13.800","13.575","13.800","13.575","998.20K","1.66%"
"17.08.2007","13.575","14.045","14.045","13.500","1.76M","-3.35%"
"16.08.2007","14.045","13.750","14.250","13.515","7.70M","1.19%"
"15.08.2007","13.880","13.850","14.010","13.750","6.48M","0.51%"
"14.08.2007","13.810","14.250","14.250","13.700","3.01M","-3.93%"
"13.08.2007","14.375","14.495","14.500","14.300","3.44M","0.17%"
"10.08.2007","14.350","14.345","14.400","14.345","3.97M","-0.28%"
"09.08.2007","14.390","14.725","14.725","14.250","21.15M","-2.28%"
"08.08.2007","14.725","14.595","14.750","14.500","879.60K","0.89%"
"07.08.2007","14.595","14.875","14.875","14.500","144.40K","-1.88%"
"06.08.2007","14.875","15.000","15.200","14.875","983.60K","-0.83%"
"03.08.2007","15.000","15.005","15.005","14.995","502.40K","-0.17%"
"02.08.2007","15.025","15.225","15.225","14.950","1.00M","-1.48%"
"01.08.2007","15.250","15.260","15.260","15.170","861.20K","-0.03%"
"31.07.2007","15.255","15.285","15.285","15.200","603.20K","-0.20%"
"30.07.2007","15.285","15.370","15.500","14.925","5.13M","-0.55%"
"27.07.2007","15.370","15.500","15.600","15.310","14.10M","-0.81%"
"26.07.2007","15.495","15.550","15.575","14.995","9.23M","-0.03%"
"25.07.2007","15.500","15.600","15.750","15.470","16.48M","-0.64%"
"24.07.2007","15.600","15.500","15.750","15.500","41.08M","0.84%"
"23.07.2007","15.470","15.280","15.500","15.275","273.20K","1.48%"
"20.07.2007","15.245","14.895","15.255","14.895","41.32M","2.35%"
"19.07.2007","14.895","14.750","14.900","14.750","232.80K","1.15%"
"18.07.2007","14.725","14.240","14.750","14.240","34.84M","5.14%"
"17.07.2007","14.005","13.995","14.250","13.970","1.88M","0.47%"
"16.07.2007","13.940","13.720","13.995","13.720","316.00K","1.64%"
"13.07.2007","13.715","14.410","14.410","13.180","1.28M","3.51%"
"12.07.2007","13.250","13.100","13.300","13.100","2.11M","1.45%"
"11.07.2007","13.060","13.120","13.125","13.050","1.17M","-0.50%"
"10.07.2007","13.125","13.100","13.150","13.050","948.60K","0.54%"
"09.07.2007","13.055","13.075","13.110","13.050","1.49M","-0.19%"
"06.07.2007","13.080","13.000","13.130","13.000","1.19M","0.23%"
"05.07.2007","13.050","13.055","13.080","13.050","1.34M","0.00%"
"04.07.2007","13.050","13.225","13.225","13.050","377.00K","-0.38%"
"03.07.2007","13.100","13.190","13.190","13.050","899.20K","0.50%"
"02.07.2007","13.035","13.000","13.075","12.765","1.54M","0.12%"
"29.06.2007","13.020","12.925","13.050","12.900","915.20K","0.70%"
"28.06.2007","12.930","12.945","13.000","12.890","1.97M","-0.12%"
"27.06.2007","12.945","12.600","13.000","12.500","3.09M","2.01%"
"26.06.2007","12.690","12.715","12.775","12.600","1.07M","-0.20%"
"25.06.2007","12.715","12.455","12.750","12.430","874.40K","2.09%"
"22.06.2007","12.455","12.450","12.500","12.350","4.37M","0.52%"
"21.06.2007","12.390","12.215","12.400","12.200","1.21M","1.47%"
"20.06.2007","12.210","12.605","12.675","12.150","1.58M","-3.10%"
"19.06.2007","12.600","12.255","12.620","12.250","5.26M","2.86%"
"18.06.2007","12.250","12.445","12.445","12.250","176.80K","-0.97%"
"15.06.2007","12.370","12.180","12.445","12.150","748.00K","-0.08%"
"14.06.2007","12.380","12.600","12.600","12.350","611.00K","-1.75%"
"13.06.2007","12.600","12.600","12.600","12.500","955.40K","0.20%"
"12.06.2007","12.575","12.500","12.600","12.400","1.59M","0.60%"
"11.06.2007","12.500","12.550","12.555","12.450","911.00K","-0.64%"
"08.06.2007","12.580","12.500","12.600","12.450","391.60K","1.86%"
"07.06.2007","12.350","12.730","12.735","12.300","1.37M","-3.10%"
"06.06.2007","12.745","12.545","12.750","12.380","769.60K","0.35%"
"05.06.2007","12.700","13.000","13.000","12.245","4.04M","3.72%"
"04.06.2007","12.245","11.975","12.250","11.750","2.84M","2.25%"
"01.06.2007","11.975","11.680","12.000","11.215","5.73M","2.22%"
"31.05.2007","11.715","11.350","11.750","11.250","1.99M","3.95%"
"30.05.2007","11.270","11.270","11.375","11.250","586.00K","0.00%"
"29.05.2007","11.270","11.190","11.300","11.170","947.60K","0.76%"
"28.05.2007","11.185","11.175","11.200","11.135","166.00K","-0.58%"
"25.05.2007","11.250","11.125","11.250","11.125","412.80K","1.12%"
"24.05.2007","11.125","11.050","11.175","11.025","1.09M","1.04%"
"23.05.2007","11.010","10.825","12.450","10.825","7.05M","1.24%"
"22.05.2007","10.875","10.795","10.875","10.775","670.60K","0.74%"
"21.05.2007","10.795","10.755","10.895","10.700","264.80K","-1.24%"
"18.05.2007","10.930","10.800","10.975","10.750","497.80K","0.78%"
"17.05.2007","10.845","10.970","10.970","10.755","646.80K","-1.59%"
"16.05.2007","11.020","11.100","11.155","10.975","1.29M","-1.17%"
"15.05.2007","11.150","11.000","11.155","10.950","668.80K","1.13%"
"14.05.2007","11.025","11.245","11.245","11.000","763.00K","-1.96%"
"11.05.2007","11.245","11.050","11.250","11.050","880.60K","1.76%"
"10.05.2007","11.050","11.005","11.150","10.950","1.54M","0.41%"
"09.05.2007","11.005","10.755","11.075","10.750","626.40K","1.15%"
"08.05.2007","10.880","10.885","10.900","10.750","230.00K","-0.05%"
"07.05.2007","10.885","11.045","11.045","10.825","122.80K","-1.98%"
"04.05.2007","11.105","11.045","11.200","10.825","1.06M","0.54%"
"03.05.2007","11.045","10.995","11.100","10.995","4.88M","0.45%"
"02.05.2007","10.995","10.900","11.050","10.900","835.40K","0.87%"
"30.04.2007","10.900","10.900","10.900","10.875","546.20K","0.00%"
"27.04.2007","10.900","10.710","10.900","10.650","900.00K","1.73%"
"26.04.2007","10.715","10.925","10.925","10.600","1.54M","-1.70%"
"25.04.2007","10.900","10.895","10.925","10.875","1.60M","0.51%"
"24.04.2007","10.845","10.840","10.850","10.840","1.14M","0.05%"
"23.04.2007","10.840","10.895","10.900","10.830","432.20K","-0.78%"
"20.04.2007","10.925","10.755","10.950","10.750","748.80K","1.11%"
"19.04.2007","10.805","10.810","10.945","10.660","686.00K","-0.05%"
"18.04.2007","10.810","10.850","10.850","10.785","299.40K","-0.78%"
"17.04.2007","10.895","10.950","10.950","10.650","603.00K","-0.09%"
"16.04.2007","10.905","10.705","10.950","10.600","401.80K","1.87%"
"13.04.2007","10.705","10.760","11.000","10.525","179.20K","-0.46%"
"12.04.2007","10.755","10.500","10.800","10.500","558.00K","3.17%"
"11.04.2007","10.425","10.460","10.460","10.400","98.00K","-0.24%"
"10.04.2007","10.450","10.750","10.800","10.250","1.18M","-0.90%"
"09.04.2007","10.545","10.580","10.745","10.505","324.20K","0.38%"
"04.04.2007","10.505","10.560","10.605","10.500","495.00K","-0.57%"
"03.04.2007","10.565","10.795","10.795","10.515","188.40K","-2.31%"
"02.04.2007","10.815","10.845","10.900","10.670","420.80K","-0.28%"
"30.03.2007","10.845","10.840","10.900","10.750","1.87M","-0.46%"
"29.03.2007","10.895","10.500","10.950","10.495","1.31M","3.76%"
"28.03.2007","10.500","10.450","10.520","10.445","764.80K","0.10%"
"27.03.2007","10.490","10.500","10.500","10.425","1.03M","0.14%"
"26.03.2007","10.475","10.500","10.550","10.450","1.40M","-0.14%"
"23.03.2007","10.490","10.490","10.495","10.450","449.40K","0.00%"
"22.03.2007","10.490","10.550","10.620","10.350","1.78M","-0.62%"
"21.03.2007","10.555","10.300","10.625","10.300","2.42M","1.10%"
"20.03.2007","10.440","10.515","10.515","10.400","115.20K","-0.52%"
"16.03.2007","10.495","10.160","11.125","10.135","1.51M","3.30%"
"15.03.2007","10.160","10.250","10.250","10.125","684.60K","-0.88%"
"14.03.2007","10.250","10.215","10.255","10.195","1.58M","0.54%"
"13.03.2007","10.195","10.190","10.300","10.150","1.32M","0.05%"
"12.03.2007","10.190","10.050","10.245","10.050","151.80K","0.99%"
"09.03.2007","10.090","10.125","10.295","10.050","1.33M","-0.15%"
"08.03.2007","10.105","10.375","10.375","10.050","1.12M","-2.60%"
"07.03.2007","10.375","10.250","10.375","10.240","198.20K","-0.05%"
"06.03.2007","10.380","10.375","10.400","10.260","577.00K","1.32%"
"05.03.2007","10.245","10.245","10.275","9.975","1.73M","-0.05%"
"02.03.2007","10.250","10.250","10.300","10.200","908.20K","0.20%"
"01.03.2007","10.230","10.100","10.250","9.970","1.38M","1.64%"
"28.02.2007","10.065","10.000","10.100","9.690","1.28M","3.87%"
"27.02.2007","9.690","10.250","10.700","9.500","2.10M","-7.23%"
"26.02.2007","10.445","10.600","10.625","10.350","898.60K","-2.57%"
"23.02.2007","10.720","10.725","10.725","10.575","881.80K","-0.42%"
"22.02.2007","10.765","10.825","10.825","10.515","731.40K","-0.19%"
"21.02.2007","10.785","10.875","10.875","10.685","1.28M","-0.64%"
"20.02.2007","10.855","10.750","10.900","10.700","1.48M","1.07%"
"19.02.2007","10.740","10.600","10.750","10.600","16.58M","1.32%"
"16.02.2007","10.600","10.750","10.750","10.595","2.34M","-1.07%"
"15.02.2007","10.715","10.750","10.795","10.665","1.62M","-0.46%"
"14.02.2007","10.765","10.850","10.850","10.655","1.03M","-0.42%"
"13.02.2007","10.810","10.840","10.840","10.745","1.28M","0.65%"
"12.02.2007","10.740","10.675","10.850","10.675","1.13M","0.66%"
"09.02.2007","10.670","10.635","10.705","10.510","747.00K","0.28%"
"08.02.2007","10.640","10.650","10.775","10.515","1.43M","-0.28%"
"07.02.2007","10.670","10.760","10.900","10.655","1.44M","-0.84%"
"06.02.2007","10.760","10.830","10.850","10.750","1.43M","-0.65%"
"02.02.2007","10.830","10.640","10.855","10.640","1.72M","1.79%"
"01.02.2007","10.640","10.850","10.900","10.600","1.36M","-1.94%"
"31.01.2007","10.850","10.925","11.000","10.595","1.58M","-0.69%"
"30.01.2007","10.925","11.000","11.005","10.625","2.66M","-0.68%"
"29.01.2007","11.000","11.050","11.175","10.900","1.56M","-0.05%"
"26.01.2007","11.005","10.775","11.050","10.775","1.43M","1.57%"
"25.01.2007","10.835","11.050","11.150","10.755","4.38M","-1.46%"
"24.01.2007","10.995","10.730","11.000","10.725","17.21M","2.33%"
"23.01.2007","10.745","10.400","10.750","10.360","5.67M","2.43%"
"22.01.2007","10.490","10.400","10.500","10.350","1.40M","0.38%"
"19.01.2007","10.450","10.450","10.535","10.250","2.09M","-0.62%"
"18.01.2007","10.515","10.535","10.535","10.490","2.58M","-0.10%"
"17.01.2007","10.525","10.500","10.550","10.500","3.01M","0.05%"
"16.01.2007","10.520","10.500","10.575","10.500","2.27M","-0.33%"
"15.01.2007","10.555","10.450","10.700","10.450","4.37M","0.62%"
"12.01.2007","10.490","10.500","10.550","10.400","707.40K","0.00%"
"11.01.2007","10.490","10.550","10.600","10.400","2.55M","0.53%"
"10.01.2007","10.435","10.405","10.925","10.300","4.48M","0.29%"
"09.01.2007","10.405","10.500","10.500","10.200","1.65M","-1.09%"
"08.01.2007","10.520","10.485","10.525","10.420","13.02M","0.33%"
"05.01.2007","10.485","10.580","10.580","10.450","2.46M","-0.90%"
"04.01.2007","10.580","10.705","10.705","10.575","2.68M","-0.70%"
"03.01.2007","10.655","10.900","10.900","10.600","1.59M","-2.25%"
"02.01.2007","10.900","10.690","10.925","10.670","1.80M","2.64%"
"29.12.2006","10.620","10.540","10.625","10.540","1.32M","0.76%"
"28.12.2006","10.540","10.500","10.615","10.380","5.22M","1.30%"
"27.12.2006","10.405","10.750","10.750","10.340","3.08M","-1.51%"
"26.12.2006","10.565","10.730","10.805","10.500","1.16M","-1.26%"
"22.12.2006","10.700","10.760","10.790","10.600","587.60K","-0.33%"
"21.12.2006","10.735","11.195","11.225","10.700","1.88M","-1.42%"
"20.12.2006","10.890","11.260","11.260","10.775","880.00K","-3.24%"
"19.12.2006","11.255","11.300","11.300","11.010","846.40K","-0.35%"
"18.12.2006","11.295","11.250","11.350","11.250","1.32M","2.03%"
"15.12.2006","11.070","11.500","11.650","10.745","2.25M","-3.74%"
"14.12.2006","11.500","11.550","11.640","11.490","1.16M","-0.39%"
"13.12.2006","11.545","11.490","11.600","11.490","2.24M","1.45%"
"11.12.2006","11.380","11.375","11.500","10.850","1.51M","-0.13%"
"08.12.2006","11.395","11.330","11.400","11.300","1.73M","0.57%"
"07.12.2006","11.330","11.295","11.350","11.295","2.24M","0.31%"
"06.12.2006","11.295","11.380","11.380","11.250","971.20K","-0.62%"
"05.12.2006","11.365","11.300","11.400","11.250","1.18M","1.02%"
"04.12.2006","11.250","11.150","11.255","11.100","2.82M","0.90%"
"30.11.2006","11.150","11.170","11.175","11.075","1.46M","-0.18%"
"29.11.2006","11.170","11.100","11.320","11.000","1.76M","2.01%"
"28.11.2006","10.950","10.990","11.000","10.800","859.60K","-0.45%"
"27.11.2006","11.000","11.090","11.100","10.995","691.00K","-0.68%"
"24.11.2006","11.075","11.185","11.185","11.075","477.80K","-0.94%"
"23.11.2006","11.180","11.150","11.200","11.075","268.60K","-0.18%"
"22.11.2006","11.200","11.175","11.255","11.150","455.60K","0.90%"
"21.11.2006","11.100","11.300","11.500","11.000","1.83M","-1.64%"
"17.11.2006","11.285","11.300","11.350","11.250","538.00K","-1.40%"
"16.11.2006","11.445","11.165","11.510","11.165","978.40K","2.51%"
"15.11.2006","11.165","10.905","11.255","10.900","1.14M","0.68%"
"14.11.2006","11.090","10.905","11.100","10.900","471.40K","1.70%"
"13.11.2006","10.905","10.745","11.050","10.740","985.00K","1.39%"
"10.11.2006","10.755","10.500","11.005","10.500","1.22M","2.72%"
"09.11.2006","10.470","10.205","10.500","10.205","676.40K","2.60%"
"08.11.2006","10.205","10.100","10.250","9.900","886.40K","1.04%"
"07.11.2006","10.100","10.300","10.750","10.100","1.67M","-1.85%"
"06.11.2006","10.290","10.300","10.395","10.155","406.40K","1.33%"
"03.11.2006","10.155","10.105","10.160","10.065","518.80K","0.79%"
"01.11.2006","10.075","9.850","10.125","9.850","1.43M","3.07%"
"31.10.2006","9.775","9.600","9.900","9.600","2.08M","2.36%"
"30.10.2006","9.550","9.500","10.005","9.500","1.10M","-0.52%"
"27.10.2006","9.600","9.755","10.000","9.500","2.54M","-4.05%"
"26.10.2006","10.005","10.500","10.600","10.000","754.80K","-3.80%"
"25.10.2006","10.400","10.095","10.440","10.095","503.80K","2.97%"
"24.10.2006","10.100","10.100","10.100","10.000","20.40K","0.00%"
"23.10.2006","10.100","9.855","10.175","9.855","727.40K","0.70%"
"20.10.2006","10.030","9.845","10.100","9.775","917.80K","0.40%"
"19.10.2006","9.990","9.750","10.000","9.700","450.00K","2.20%"
"18.10.2006","9.775","9.755","9.800","9.705","620.20K","0.72%"
"17.10.2006","9.705","9.500","9.830","9.450","879.80K","1.94%"
"16.10.2006","9.520","9.510","9.600","9.500","673.80K","0.11%"
"13.10.2006","9.510","9.440","9.600","9.430","2.15M","0.74%"
"12.10.2006","9.440","9.295","9.550","9.295","2.08M","2.16%"
"11.10.2006","9.240","9.290","9.455","9.225","968.40K","-0.54%"
"10.10.2006","9.290","9.255","9.355","9.200","593.60K","0.32%"
"09.10.2006","9.260","9.445","9.510","9.035","652.80K","-1.07%"
"06.10.2006","9.360","9.440","9.645","9.350","1.48M","-0.85%"
"05.10.2006","9.440","9.595","9.725","9.415","768.60K","-1.62%"
"04.10.2006","9.595","9.550","9.610","9.455","455.40K","0.95%"
"03.10.2006","9.505","9.650","9.650","9.405","117.20K","-1.50%"
"02.10.2006","9.650","9.500","9.800","9.400","299.60K","1.53%"
"29.09.2006","9.505","9.555","9.625","9.450","400.40K","-0.58%"
"28.09.2006","9.560","9.600","9.600","9.315","723.00K","-0.52%"
"27.09.2006","9.610","9.550","9.625","9.550","450.20K","0.68%"
"26.09.2006","9.545","9.550","9.600","9.395","377.20K","0.47%"
"25.09.2006","9.500","9.495","9.525","9.445","604.40K","0.05%"
"22.09.2006","9.495","9.200","9.500","9.150","794.00K","2.54%"
"21.09.2006","9.260","9.440","9.450","9.250","196.60K","-1.91%"
"20.09.2006","9.440","9.400","9.485","9.305","389.40K","0.43%"
"19.09.2006","9.400","9.300","9.400","9.295","521.20K","-0.05%"
"18.09.2006","9.405","9.480","9.500","9.300","377.60K","-0.79%"
"15.09.2006","9.480","8.995","9.500","8.995","2.98M","6.10%"
"14.09.2006","8.935","8.950","9.010","8.875","856.40K","-0.39%"
"13.09.2006","8.970","8.985","9.015","8.900","1.17M","0.22%"
"12.09.2006","8.950","8.900","8.985","8.850","1.15M","1.13%"
"11.09.2006","8.850","8.630","9.000","8.630","622.20K","-0.11%"
"08.09.2006","8.860","8.875","8.875","8.845","195.20K","0.06%"
"07.09.2006","8.855","8.760","8.995","8.760","5.91M","1.08%"
"06.09.2006","8.760","8.715","8.975","8.715","227.00K","0.52%"
"05.09.2006","8.715","8.825","9.000","8.650","807.60K","-0.23%"
"04.09.2006","8.735","8.900","8.900","8.625","169.60K","-0.06%"
"01.09.2006","8.740","8.650","8.800","8.650","681.20K","0.34%"
"31.08.2006","8.710","8.750","8.750","8.500","1.40M","-0.74%"
"30.08.2006","8.775","8.830","8.850","8.700","417.20K","-0.68%"
"29.08.2006","8.835","8.935","8.935","8.800","1.05M","-1.12%"
"28.08.2006","8.935","8.760","9.000","8.700","784.40K","2.00%"
"25.08.2006","8.760","8.600","8.775","8.560","523.40K","2.16%"
"24.08.2006","8.575","8.600","8.645","8.565","652.60K","-0.17%"
"23.08.2006","8.590","8.590","8.625","8.490","1.18M","-0.06%"
"22.08.2006","8.595","8.500","8.645","8.475","519.80K","1.72%"
"21.08.2006","8.450","8.405","8.475","8.350","1.02M","-0.59%"
"18.08.2006","8.500","8.510","8.550","8.455","1.66M","-0.12%"
"17.08.2006","8.510","8.450","8.650","8.400","5.89M","0.71%"
"16.08.2006","8.450","8.485","8.485","8.280","2.34M","0.12%"
"15.08.2006","8.440","8.375","8.480","8.370","2.12M","0.84%"
"14.08.2006","8.370","8.205","8.450","8.205","1.13M","2.01%"
"11.08.2006","8.205","8.110","8.370","8.100","2.73M","0.86%"
"10.08.2006","8.135","8.130","8.135","8.130","133.20K","0.00%"
"09.08.2006","8.135","8.150","8.250","8.075","594.20K","0.87%"
"08.08.2006","8.065","8.195","8.250","8.050","1.23M","-0.49%"
"07.08.2006","8.105","8.150","8.150","8.005","572.20K","-0.55%"
"04.08.2006","8.150","8.165","8.325","8.110","452.00K","-0.06%"
"03.08.2006","8.155","8.050","8.285","8.000","755.80K","0.93%"
"02.08.2006","8.080","8.145","8.150","8.075","2.82M","-0.06%"
"01.08.2006","8.085","8.055","8.150","8.000","4.20M","-1.88%"
"31.07.2006","8.240","8.370","8.375","8.225","859.80K","-2.25%"
"28.07.2006","8.430","8.620","8.620","8.375","2.89M","-2.20%"
"27.07.2006","8.620","8.775","8.775","8.505","1.64M","-0.81%"
"26.07.2006","8.690","8.875","8.875","8.660","642.40K","-2.41%"
"25.07.2006","8.905","8.765","8.945","8.700","963.60K","0.45%"
"24.07.2006","8.865","8.975","8.975","8.600","977.80K","-1.50%"
"21.07.2006","9.000","8.750","9.000","8.750","283.20K","2.86%"
"20.07.2006","8.750","8.900","8.900","8.745","1.14M","-2.40%"
"19.07.2006","8.965","8.675","9.000","8.675","1.83M","3.34%"
"18.07.2006","8.675","8.500","8.700","8.500","473.80K","3.52%"
"17.07.2006","8.380","8.440","8.625","8.350","581.60K","-0.71%"
"14.07.2006","8.440","8.310","8.625","8.310","494.40K","1.56%"
"13.07.2006","8.310","8.745","8.750","8.225","541.80K","-5.03%"
"12.07.2006","8.750","8.790","8.800","8.605","627.60K","-0.51%"
"11.07.2006","8.795","8.800","8.800","8.500","354.00K","-0.17%"
"10.07.2006","8.810","8.515","8.825","8.515","400.20K","0.92%"
"07.07.2006","8.730","8.500","8.745","8.500","279.60K","2.71%"
"06.07.2006","8.500","8.450","8.600","8.450","312.80K","1.07%"
"05.07.2006","8.410","8.475","8.600","8.250","1.23M","-1.00%"
"04.07.2006","8.495","8.500","8.600","8.450","1.26M","0.47%"
"03.07.2006","8.455","8.500","8.550","8.400","1.39M","2.11%"
"30.06.2006","8.280","8.500","8.565","8.100","645.00K","-1.95%"
"29.06.2006","8.445","8.400","8.575","8.295","1.41M","0.72%"
"28.06.2006","8.385","8.240","8.395","8.060","346.40K","1.76%"
"27.06.2006","8.240","8.250","8.250","8.075","242.20K","1.10%"
"26.06.2006","8.150","8.425","8.525","8.100","894.60K","-2.98%"
"23.06.2006","8.400","8.240","8.505","8.240","2.35M","2.88%"
"22.06.2006","8.165","8.100","8.170","8.100","575.80K","2.00%"
"21.06.2006","8.005","8.105","8.250","8.000","1.35M","-1.23%"
"20.06.2006","8.105","8.100","8.150","8.000","783.80K","0.06%"
"19.06.2006","8.100","8.150","8.150","8.000","802.80K","-0.61%"
"16.06.2006","8.150","8.100","8.200","8.100","5.45M","-0.55%"
"15.06.2006","8.195","8.150","8.250","8.050","1.90M","1.93%"
"14.06.2006","8.040","7.875","8.075","7.850","520.00K","2.10%"
"13.06.2006","7.875","7.805","7.950","7.775","2.43M","0.96%"
"12.06.2006","7.800","8.065","8.065","7.750","1.88M","-3.29%"
"09.06.2006","8.065","8.075","8.165","8.050","1.12M","0.25%"
"08.06.2006","8.045","7.950","8.060","7.800","1.80M","1.19%"
"07.06.2006","7.950","8.045","8.045","7.850","809.80K","-0.63%"
"06.06.2006","8.000","7.940","8.000","7.850","2.58M","0.00%"
"05.06.2006","8.000","8.050","8.100","7.950","900.00K","-1.30%"
"02.06.2006","8.105","8.185","8.210","8.050","1.00M","-1.04%"
"01.06.2006","8.190","8.125","8.300","8.100","1.84M","1.11%"
"31.05.2006","8.100","8.015","8.150","8.000","4.06M","1.06%"
"30.05.2006","8.015","8.100","8.145","7.910","5.20M","-2.55%"
"29.05.2006","8.225","8.150","8.295","8.150","221.80K","-1.50%"
"26.05.2006","8.350","8.250","8.395","8.245","757.40K","1.27%"
"25.05.2006","8.245","8.250","8.355","8.180","775.20K","1.04%"
"24.05.2006","8.160","8.110","8.250","7.870","2.03M","0.12%"
"23.05.2006","8.150","8.295","8.390","8.150","1.40M","-1.03%"
"22.05.2006","8.235","8.255","8.300","8.100","3.31M","-3.40%"
"19.05.2006","8.525","8.500","8.525","8.200","1.85M","-0.06%"
"18.05.2006","8.530","8.315","8.570","8.195","1.93M","2.59%"
"17.05.2006","8.315","8.300","8.445","8.150","1.29M","-0.95%"
"16.05.2006","8.395","8.305","8.415","8.200","562.00K","0.87%"
"15.05.2006","8.323","8.405","8.490","8.250","810.60K","-0.80%"
"12.05.2006","8.390","8.505","8.505","8.375","926.80K","-2.21%"
"11.05.2006","8.580","8.640","8.640","8.370","1.96M","1.24%"
"10.05.2006","8.475","8.525","8.650","8.390","2.50M","-1.05%"
"09.05.2006","8.565","8.600","8.625","8.425","657.60K","0.47%"
"08.05.2006","8.525","8.500","8.550","8.450","777.80K","1.19%"
"05.05.2006","8.425","8.450","8.600","8.355","1.35M","0.06%"
"04.05.2006","8.420","8.550","8.750","8.390","1.37M","-1.52%"
"03.05.2006","8.550","8.495","8.720","8.380","621.40K","0.65%"
"02.05.2006","8.495","8.860","8.875","8.270","1.93M","-3.08%"
"28.04.2006","8.765","8.750","8.825","8.700","1.59M","0.57%"
"27.04.2006","8.715","8.640","8.750","8.640","756.20K","0.46%"
"26.04.2006","8.675","8.745","8.745","8.575","858.00K","-0.86%"
"25.04.2006","8.750","8.750","8.775","8.620","743.60K","0.00%"
"24.04.2006","8.750","8.500","8.790","8.500","1.06M","2.40%"
"21.04.2006","8.545","8.535","8.575","8.450","2.16M","0.12%"
"20.04.2006","8.535","8.400","8.560","8.350","2.99M","2.34%"
"19.04.2006","8.340","8.300","8.425","8.300","622.80K","0.54%"
"18.04.2006","8.295","8.400","8.450","8.250","516.20K","0.12%"
"17.04.2006","8.285","8.200","8.300","8.200","715.20K","0.61%"
"12.04.2006","8.235","8.450","8.450","8.025","731.60K","-3.00%"
"11.04.2006","8.490","8.150","8.600","8.150","435.60K","1.98%"
"10.04.2006","8.325","8.110","8.385","8.110","359.40K","1.22%"
"07.04.2006","8.225","8.280","8.280","8.150","1.18M","-0.66%"
"06.04.2006","8.280","8.265","8.300","8.175","2.25M","0.18%"
"05.04.2006","8.265","8.200","8.300","8.125","2.18M","0.79%"
"04.04.2006","8.200","8.250","8.250","8.200","845.80K","-0.61%"
"03.04.2006","8.250","8.250","8.300","8.200","1.30M","0.61%"
"31.03.2006","8.200","8.065","8.200","8.040","525.80K","1.67%"
"30.03.2006","8.065","8.125","8.170","8.050","1.10M","-1.95%"
"29.03.2006","8.225","7.850","8.255","7.825","3.54M","5.65%"
"28.03.2006","7.785","8.025","8.025","7.750","3.06M","-4.36%"
"27.03.2006","8.140","8.100","8.150","8.050","1.57M","-0.43%"
"24.03.2006","8.175","8.135","8.265","8.135","457.20K","0.49%"
"23.03.2006","8.135","8.250","8.275","8.100","1.21M","-1.15%"
"22.03.2006","8.230","8.100","8.395","8.100","759.00K","-0.60%"
"20.03.2006","8.280","8.000","8.300","7.975","784.80K","3.24%"
"17.03.2006","8.020","8.240","8.295","8.000","2.73M","-2.61%"
"16.03.2006","8.235","8.105","8.275","8.050","2.69M","1.86%"
"15.03.2006","8.085","8.160","8.160","8.055","1.91M","-2.59%"
"14.03.2006","8.300","8.340","8.350","8.130","615.60K","-0.48%"
"13.03.2006","8.340","8.250","8.450","8.100","1.32M","4.25%"
"10.03.2006","8.000","8.005","8.235","7.750","638.20K","-0.06%"
"09.03.2006","8.005","7.845","8.220","7.845","431.80K","-1.17%"
"08.03.2006","8.100","7.805","8.125","7.750","748.80K","4.65%"
"07.03.2006","7.740","8.105","8.105","7.720","2.55M","-4.50%"
"06.03.2006","8.105","8.200","8.260","8.100","672.60K","-1.76%"
"03.03.2006","8.250","8.175","8.300","8.175","195.40K","0.49%"
"02.03.2006","8.210","8.235","8.325","8.175","776.80K","0.24%"
"01.03.2006","8.190","8.395","8.450","8.105","1.80M","-0.36%"
"28.02.2006","8.220","8.000","8.250","7.830","421.20K","2.24%"
"27.02.2006","8.040","8.200","8.275","7.995","2.27M","-1.95%"
"24.02.2006","8.200","8.300","8.300","8.025","1.35M","-1.20%"
"23.02.2006","8.300","8.250","8.325","8.150","1.97M","-0.60%"
"22.02.2006","8.350","8.150","8.390","8.150","1.62M","3.73%"
"21.02.2006","8.050","8.075","8.100","8.050","1.60M","-0.31%"
"20.02.2006","8.075","8.075","8.100","8.075","225.60K","0.37%"
"17.02.2006","8.045","7.985","8.080","7.935","1.74M","1.45%"
"16.02.2006","7.930","7.930","7.985","7.850","2.21M","1.15%"
"15.02.2006","7.840","7.900","8.050","7.750","2.63M","-0.13%"
"14.02.2006","7.850","7.800","7.950","7.625","3.94M","0.77%"
"13.02.2006","7.790","8.100","8.125","7.700","2.03M","-4.30%"
"10.02.2006","8.140","8.315","8.315","8.100","1.63M","-2.10%"
"09.02.2006","8.315","8.550","8.700","8.230","1.03M","2.84%"
"08.02.2006","8.085","8.700","8.700","8.050","1.24M","-7.55%"
"07.02.2006","8.745","8.965","8.965","8.705","880.20K","-2.78%"
"03.02.2006","8.995","8.880","9.045","8.850","887.00K","1.30%"
"02.02.2006","8.880","8.790","8.900","8.775","1.11M","1.02%"
"01.02.2006","8.790","8.890","8.890","8.725","514.80K","0.46%"
"31.01.2006","8.750","8.850","8.850","8.750","247.40K","-1.41%"
"30.01.2006","8.875","8.645","8.885","8.600","546.40K","2.66%"
"27.01.2006","8.645","8.950","9.125","8.605","1.78M","-3.30%"
"26.01.2006","8.940","8.850","9.000","8.800","757.40K","1.76%"
"25.01.2006","8.785","8.875","8.875","8.700","1.42M","-0.45%"
"24.01.2006","8.825","8.690","8.850","8.685","1.07M","1.67%"
"23.01.2006","8.680","8.580","8.745","8.500","801.00K","-0.40%"
"20.01.2006","8.715","8.775","8.820","8.705","334.20K","-1.58%"
"19.01.2006","8.855","8.875","9.070","8.850","1.06M","1.08%"
"18.01.2006","8.760","9.050","9.050","8.745","561.00K","-4.42%"
"17.01.2006","9.165","9.495","9.525","9.150","187.80K","-3.48%"
"16.01.2006","9.495","9.375","9.500","9.300","252.20K","1.28%"
"13.01.2006","9.375","9.300","9.375","9.300","445.40K","0.37%"
"12.01.2006","9.340","9.450","9.450","9.120","787.60K","-1.63%"
"11.01.2006","9.495","9.400","9.500","9.350","1.09M","1.55%"
"10.01.2006","9.350","9.320","9.350","9.300","519.60K","0.32%"
"09.01.2006","9.320","9.325","9.345","9.200","1.58M","-0.21%"
"06.01.2006","9.340","9.200","9.350","9.200","548.40K","1.52%"
"05.01.2006","9.200","9.050","9.345","9.050","702.00K","2.51%"
"04.01.2006","8.975","9.295","9.340","8.750","777.60K","-3.44%"
"03.01.2006","9.295","9.045","9.350","9.045","1.25M","2.76%"
"02.01.2006","9.045","9.060","9.060","8.895","136.20K","-0.17%"
"30.12.2005","9.060","9.050","9.075","9.000","1.45M","0.61%"
"29.12.2005","9.005","8.850","9.050","8.850","1.14M","1.81%"
"28.12.2005","8.845","8.795","8.850","8.625","523.00K","-0.06%"
"27.12.2005","8.850","8.875","8.920","8.800","180.60K","-0.67%"
"26.12.2005","8.910","8.875","8.910","8.875","124.60K","0.39%"
"23.12.2005","8.875","8.820","8.875","8.820","71.20K","0.62%"
"22.12.2005","8.820","8.850","8.850","8.710","2.52M","-2.00%"
"21.12.2005","9.000","8.900","9.000","8.850","1.56M","1.98%"
"20.12.2005","8.825","8.720","8.850","8.695","1.27M","1.44%"
"19.12.2005","8.700","8.425","8.750","8.425","993.00K","3.45%"
"16.12.2005","8.410","8.500","8.675","8.250","4.13M","-2.10%"
"15.12.2005","8.590","8.625","8.755","8.350","3.36M","-0.75%"
"14.12.2005","8.655","8.650","8.750","8.650","1.71M","0.23%"
"13.12.2005","8.635","8.650","8.675","8.550","2.13M","0.23%"
"09.12.2005","8.615","8.725","8.725","8.600","827.20K","-0.92%"
"08.12.2005","8.695","8.395","8.750","8.395","2.13M","3.57%"
"07.12.2005","8.395","8.350","8.445","8.350","795.20K","0.66%"
"06.12.2005","8.340","8.395","8.460","8.340","979.60K","0.00%"
"05.12.2005","8.340","8.255","8.350","8.250","998.60K","1.03%"
"02.12.2005","8.255","8.320","8.320","8.250","408.20K","-0.84%"
"01.12.2005","8.325","8.300","8.370","8.300","470.40K","0.30%"
"30.11.2005","8.300","8.325","8.350","8.260","1.47M","0.61%"
"29.11.2005","8.250","8.235","8.325","8.225","2.21M","0.61%"
"28.11.2005","8.200","8.200","8.350","8.200","9.67M","-1.50%"
"25.11.2005","8.325","8.275","8.395","8.275","795.40K","1.40%"
"24.11.2005","8.210","8.105","8.250","8.100","632.40K","-0.36%"
"23.11.2005","8.240","8.370","8.370","8.200","3.05M","-1.55%"
"22.11.2005","8.370","8.250","8.400","8.240","2.74M","0.84%"
"21.11.2005","8.300","8.400","8.400","8.275","6.20M","-1.19%"
"18.11.2005","8.400","8.390","8.400","8.315","1.25M","1.02%"
"17.11.2005","8.315","8.455","8.500","8.300","1.66M","-1.31%"
"16.11.2005","8.425","8.330","8.465","8.330","2.34M","0.72%"
"15.11.2005","8.365","8.400","8.450","8.325","1.42M","-0.30%"
"14.11.2005","8.390","8.400","8.425","8.250","1.75M","-0.36%"
"11.11.2005","8.420","8.550","8.620","8.350","2.22M","-1.64%"
"10.11.2005","8.560","8.320","8.600","8.300","3.04M","2.88%"
"09.11.2005","8.320","8.270","8.425","8.270","3.14M","0.60%"
"08.11.2005","8.270","8.255","8.350","8.250","557.80K","0.06%"
"07.11.2005","8.265","8.300","8.445","8.250","1.21M","-0.42%"
"04.11.2005","8.300","8.370","8.370","8.300","941.20K","-0.84%"
"03.11.2005","8.370","8.425","8.475","8.300","2.94M","-0.53%"
"02.11.2005","8.415","8.490","8.490","8.300","1.62M","0.66%"
"01.11.2005","8.360","8.300","8.470","8.300","7.76M","0.72%"
"31.10.2005","8.300","8.350","8.475","8.250","38.17M","-0.24%"
"28.10.2005","8.320","8.620","8.620","8.250","15.72M","-3.59%"
"27.10.2005","8.630","8.750","8.750","8.615","634.20K","-1.99%"
"26.10.2005","8.805","8.995","8.995","8.700","444.40K","-1.51%"
"25.10.2005","8.940","9.045","9.100","8.755","1.44M","-1.38%"
"24.10.2005","9.065","8.800","9.100","8.800","859.60K","3.72%"
"21.10.2005","8.740","8.650","8.750","8.625","2.66M","0.17%"
"20.10.2005","8.725","8.885","8.890","8.725","473.00K","-2.19%"
"19.10.2005","8.920","8.500","9.025","8.450","2.35M","2.53%"
"18.10.2005","8.700","8.945","8.950","8.675","1.38M","-3.33%"
"17.10.2005","9.000","8.530","9.050","8.530","1.42M","5.57%"
"14.10.2005","8.525","8.450","8.525","8.250","1.75M","1.49%"
"13.10.2005","8.400","8.450","8.475","8.300","953.20K","-0.06%"
"12.10.2005","8.405","8.650","8.650","8.380","2.31M","-2.94%"
"11.10.2005","8.660","8.955","8.955","8.600","351.40K","-1.76%"
"10.10.2005","8.815","8.700","8.875","8.700","3.53M","1.32%"
"07.10.2005","8.700","8.550","8.805","8.350","1.82M","2.23%"
"06.10.2005","8.510","8.800","8.800","8.400","2.29M","-3.30%"
"05.10.2005","8.800","8.900","8.905","8.700","1.83M","-1.18%"
"04.10.2005","8.905","9.175","9.260","8.895","2.00M","-2.94%"
"03.10.2005","9.175","9.350","9.375","9.150","3.62M","-1.87%"
"30.09.2005","9.350","9.345","9.405","9.325","3.09M","0.27%"
"29.09.2005","9.325","9.375","9.400","9.300","4.32M","-0.53%"
"28.09.2005","9.375","9.450","9.550","9.375","4.32M","-0.58%"
"27.09.2005","9.430","9.400","9.490","9.300","3.52M","0.59%"
"26.09.2005","9.375","9.305","9.450","9.305","3.44M","0.37%"
"23.09.2005","9.340","9.350","9.350","9.270","2.47M","-0.16%"
"22.09.2005","9.355","9.590","9.600","9.350","3.02M","-2.55%"
"21.09.2005","9.600","9.650","9.700","9.585","3.51M","-0.62%"
"20.09.2005","9.660","9.750","9.750","9.565","3.08M","-1.78%"
"19.09.2005","9.835","10.100","10.600","9.750","11.15M","1.86%"
"15.09.2005","9.655","9.500","9.700","9.100","10.38M","-22.70%"
"14.09.2005","12.490","12.500","12.625","12.050","849.60K","0.00%"
"13.09.2005","12.490","12.595","12.625","12.475","2.42M","-0.91%"
"12.09.2005","12.605","12.590","12.625","12.450","1.02M","0.12%"
"09.09.2005","12.590","12.350","12.650","12.350","5.37M","1.70%"
"08.09.2005","12.380","11.700","12.450","11.610","5.35M","5.36%"
"07.09.2005","11.750","11.500","11.750","11.350","2.24M","3.02%"
"06.09.2005","11.405","11.575","11.650","11.100","2.52M","-1.47%"
"05.09.2005","11.575","11.490","11.575","11.425","196.20K","0.78%"
"02.09.2005","11.485","11.550","11.550","11.225","2.92M","0.88%"
"01.09.2005","11.385","11.250","11.570","11.205","2.42M","2.34%"
"31.08.2005","11.125","11.000","11.325","10.995","3.83M","2.44%"
"30.08.2005","10.860","11.200","11.275","10.755","5.51M","-3.17%"
"29.08.2005","11.215","11.505","11.530","11.150","1.94M","-2.52%"
"26.08.2005","11.505","11.725","11.775","11.500","1.55M","-1.79%"
"25.08.2005","11.715","11.745","11.800","11.700","537.40K","-0.26%"
"24.08.2005","11.745","11.750","11.895","11.700","746.20K","-0.89%"
"23.08.2005","11.850","11.775","11.875","11.720","1.24M","0.21%"
"22.08.2005","11.825","11.800","11.895","11.790","376.40K","0.30%"
"19.08.2005","11.790","11.705","11.790","11.705","108.20K","0.73%"
"18.08.2005","11.705","11.600","11.795","11.600","1.60M","-0.30%"
"17.08.2005","11.740","11.875","11.875","11.600","1.20M","-1.14%"
"16.08.2005","11.875","12.000","12.010","11.810","1.44M","-0.92%"
"15.08.2005","11.985","11.725","12.100","11.725","443.00K","2.22%"
"12.08.2005","11.725","11.750","11.750","11.700","645.00K","-0.21%"
"11.08.2005","11.750","11.950","11.950","11.750","978.20K","-0.84%"
"10.08.2005","11.850","12.100","12.175","11.820","3.22M","-0.46%"
"09.08.2005","11.905","11.985","12.055","11.900","2.04M","-0.63%"
"08.08.2005","11.980","11.760","11.980","11.760","274.60K","1.91%"
"05.08.2005","11.755","11.945","12.200","11.750","984.20K","-1.59%"
"04.08.2005","11.945","11.950","12.000","11.925","479.60K","-0.54%"
"03.08.2005","12.010","12.000","12.250","12.000","1.42M","-0.25%"
"02.08.2005","12.040","12.000","12.100","11.695","1.77M","1.43%"
"01.08.2005","11.870","12.005","12.055","11.825","6.15M","-0.50%"
"29.07.2005","11.930","12.125","12.125","11.900","705.20K","0.00%"
"28.07.2005","11.930","12.005","12.185","11.900","1.46M","-0.62%"
"27.07.2005","12.005","11.950","12.030","11.800","2.20M","0.46%"
"26.07.2005","11.950","12.000","12.220","11.905","984.20K","-0.62%"
"25.07.2005","12.025","12.400","12.400","12.000","1.20M","-2.95%"
"22.07.2005","12.390","12.250","12.400","12.250","1.67M","0.94%"
"21.07.2005","12.275","12.280","12.300","12.250","2.23M","-0.04%"
"20.07.2005","12.280","11.925","12.300","11.900","6.33M","2.76%"
"19.07.2005","11.950","11.800","11.965","11.800","2.62M","1.40%"
"18.07.2005","11.785","11.525","11.845","11.500","596.60K","0.30%"
"15.07.2005","11.750","11.785","11.800","11.695","1.09M","-0.30%"
"14.07.2005","11.785","11.665","11.800","11.645","2.18M","1.59%"
"13.07.2005","11.600","11.575","11.670","11.515","582.00K","0.78%"
"12.07.2005","11.510","11.350","11.575","11.350","671.60K","0.96%"
"11.07.2005","11.400","11.680","11.680","11.325","1.03M","-0.96%"
"08.07.2005","11.510","11.680","11.700","11.450","765.00K","-1.03%"
"07.07.2005","11.630","11.400","11.650","11.250","1.63M","1.71%"
"06.07.2005","11.435","11.510","11.550","11.425","3.24M","-0.65%"
"05.07.2005","11.510","11.610","11.725","11.500","1.04M","-0.86%"
"04.07.2005","11.610","11.650","11.650","11.610","75.60K","-0.34%"
"01.07.2005","11.650","11.650","11.700","11.600","807.00K","0.00%"
"30.06.2005","11.650","11.700","11.800","11.550","1.25M","-0.47%"
"29.06.2005","11.705","11.550","11.750","11.540","1.27M","1.47%"
"28.06.2005","11.535","11.550","11.855","11.500","1.08M","-0.09%"
"27.06.2005","11.545","11.750","11.750","11.500","317.20K","0.26%"
"24.06.2005","11.515","11.700","11.750","11.450","864.00K","-1.54%"
"23.06.2005","11.695","11.520","11.755","11.485","1.38M","1.52%"
"22.06.2005","11.520","11.350","11.600","11.350","873.00K","-0.69%"
"21.06.2005","11.600","11.650","11.655","11.450","1.34M","-0.47%"
"20.06.2005","11.655","11.745","11.745","11.505","352.20K","-0.77%"
"17.06.2005","11.745","11.850","11.850","11.640","1.08M","0.95%"
"16.06.2005","11.635","11.775","11.775","11.625","251.00K","-1.19%"
"15.06.2005","11.775","11.635","11.875","11.635","969.60K","1.20%"
"14.06.2005","11.635","11.750","11.800","11.600","1.62M","-0.98%"
"13.06.2005","11.750","11.750","11.900","11.750","338.80K","1.25%"
"10.06.2005","11.605","11.710","11.710","11.500","460.20K","-0.90%"
"09.06.2005","11.710","11.590","11.855","11.590","1.00M","1.04%"
"08.06.2005","11.590","11.925","11.925","11.500","954.80K","-1.36%"
"07.06.2005","11.750","11.630","11.875","11.630","976.00K","1.03%"
"06.06.2005","11.630","11.850","11.850","11.550","289.40K","-0.98%"
"03.06.2005","11.745","11.800","11.800","11.655","328.20K","-0.89%"
"02.06.2005","11.850","11.950","12.150","11.750","1.72M","0.89%"
"01.06.2005","11.745","11.630","12.150","11.625","1.67M","1.25%"
"31.05.2005","11.600","11.900","11.900","11.575","740.80K","-2.52%"
"30.05.2005","11.900","11.875","11.900","11.875","91.00K","-0.13%"
"27.05.2005","11.915","11.785","11.950","11.700","690.40K","1.10%"
"26.05.2005","11.785","12.000","12.250","11.700","1.17M","-0.63%"
"25.05.2005","11.860","11.480","12.000","11.480","1.38M","3.31%"
"24.05.2005","11.480","11.505","11.650","11.435","880.40K","-1.03%"
"23.05.2005","11.600","11.275","11.600","11.195","443.40K","2.88%"
"20.05.2005","11.275","11.230","11.300","11.075","337.80K","0.27%"
"19.05.2005","11.245","10.975","11.250","10.975","2.18M","2.46%"
"18.05.2005","10.975","11.040","11.175","10.950","1.46M","-0.54%"
"17.05.2005","11.035","11.250","11.300","11.025","668.60K","-1.91%"
"16.05.2005","11.250","11.200","11.250","11.200","802.00K","0.49%"
"13.05.2005","11.195","11.150","11.250","11.150","136.80K","0.81%"
"12.05.2005","11.105","11.050","11.425","11.050","1.08M","0.50%"
"11.05.2005","11.050","11.150","11.175","10.975","1.32M","-0.90%"
"10.05.2005","11.150","11.150","11.200","11.150","593.20K","-1.72%"
"09.05.2005","11.345","11.250","11.350","11.245","633.40K","2.90%"
"06.05.2005","11.025","11.550","11.550","11.000","1.07M","-4.55%"
"05.05.2005","11.550","11.635","11.975","11.475","1.65M","0.22%"
"04.05.2005","11.525","11.605","11.605","11.500","1.56M","-0.69%"
"03.05.2005","11.605","11.450","11.650","11.450","1.03M","0.87%"
"02.05.2005","11.505","11.450","11.650","11.400","1.32M","0.48%"
"29.04.2005","11.450","11.525","11.525","11.375","889.60K","-0.43%"
"28.04.2005","11.500","11.255","11.725","11.000","822.00K","1.68%"
"27.04.2005","11.310","11.100","11.475","11.100","730.40K","0.89%"
"26.04.2005","11.210","10.950","11.250","10.950","2.36M","3.08%"
"25.04.2005","10.875","10.700","10.875","10.700","744.20K","2.59%"
"22.04.2005","10.600","10.700","10.700","10.550","843.60K","0.95%"
"21.04.2005","10.500","10.180","10.550","10.150","2.03M","3.40%"
"20.04.2005","10.155","10.120","10.400","9.945","1.07M","0.35%"
"19.04.2005","10.120","10.100","10.150","10.075","1.81M","1.05%"
"18.04.2005","10.015","10.305","10.305","10.000","1.74M","-2.81%"
"15.04.2005","10.305","10.750","10.750","10.250","1.61M","-5.02%"
"14.04.2005","10.850","10.975","10.975","10.800","1.16M","-0.91%"
"13.04.2005","10.950","10.850","10.975","10.850","1.96M","0.83%"
"12.04.2005","10.860","10.695","10.895","10.205","894.40K","1.02%"
"11.04.2005","10.750","10.530","10.755","10.530","1.01M","1.85%"
"08.04.2005","10.555","10.305","10.555","10.300","424.40K","1.39%"
"07.04.2005","10.410","10.125","10.700","10.125","3.22M","2.81%"
"06.04.2005","10.125","10.325","10.500","10.125","2.41M","-1.70%"
"05.04.2005","10.300","10.800","10.930","10.300","1.54M","-4.36%"
"04.04.2005","10.770","11.000","11.000","10.750","1.79M","-2.18%"
"01.04.2005","11.010","11.100","11.100","10.950","1.07M","0.55%"
"31.03.2005","10.950","11.000","11.100","10.950","1.48M","-0.14%"
"30.03.2005","10.965","10.930","11.100","10.850","5.21M","0.32%"
"29.03.2005","10.930","10.650","10.950","10.500","2.46M","2.29%"
"28.03.2005","10.685","10.925","10.925","10.675","391.60K","-2.82%"
"23.03.2005","10.995","10.900","11.000","10.800","855.80K","0.41%"
"22.03.2005","10.950","10.945","10.955","10.945","1.07M","0.05%"
"18.03.2005","10.945","10.825","11.000","10.825","966.20K","1.58%"
"17.03.2005","10.775","11.140","11.250","10.750","2.33M","-3.67%"
"16.03.2005","11.185","11.195","11.200","11.100","4.10M","-0.09%"
"15.03.2005","11.195","11.155","11.265","11.150","2.26M","0.36%"
"14.03.2005","11.155","11.200","11.200","11.100","2.90M","0.22%"
"11.03.2005","11.130","10.900","11.300","10.800","1.82M","2.87%"
"10.03.2005","10.820","11.000","11.000","10.800","4.10M","-3.44%"
"09.03.2005","11.205","11.350","11.375","11.005","526.80K","-1.28%"
"08.03.2005","11.350","11.440","11.440","11.200","1.76M","-0.79%"
"07.03.2005","11.440","11.435","11.450","11.350","407.80K","0.04%"
"04.03.2005","11.435","11.455","11.500","11.375","2.22M","-0.13%"
"03.03.2005","11.450","11.410","11.600","11.405","2.95M","0.39%"
"02.03.2005","11.405","11.430","11.450","11.400","1.14M","-0.26%"
"01.03.2005","11.435","11.425","11.450","11.400","2.09M","0.09%"
"28.02.2005","11.425","11.500","11.505","11.375","1.45M","-0.39%"
"25.02.2005","11.470","11.500","11.500","11.400","2.46M","0.39%"
"24.02.2005","11.425","11.400","11.475","11.350","1.72M","-0.17%"
"23.02.2005","11.445","11.450","11.475","11.435","2.50M","-0.13%"
"22.02.2005","11.460","11.495","11.505","11.425","1.88M","-0.35%"
"21.02.2005","11.500","11.500","11.500","11.490","553.80K","0.00%"
"18.02.2005","11.500","11.250","11.500","11.250","2.68M","2.22%"
"17.02.2005","11.250","11.075","11.275","11.050","2.03M","1.81%"
"16.02.2005","11.050","11.150","11.150","11.050","4.26M","-0.90%"
"15.02.2005","11.150","11.300","11.365","11.025","2.12M","1.13%"
"14.02.2005","11.025","11.125","11.200","10.990","641.80K","-0.94%"
"11.02.2005","11.130","11.150","11.250","11.050","1.38M","-0.22%"
"10.02.2005","11.155","11.300","11.300","11.150","2.06M","-0.40%"
"09.02.2005","11.200","11.180","11.350","11.125","3.17M","0.18%"
"08.02.2005","11.180","11.250","11.355","11.125","1.12M","-1.63%"
"07.02.2005","11.365","11.425","11.550","11.150","629.00K","-0.53%"
"04.02.2005","11.425","11.695","11.950","11.350","3.04M","-2.06%"
"03.02.2005","11.665","11.425","11.700","11.300","3.88M","2.55%"
"02.02.2005","11.375","11.350","11.400","11.225","6.63M","0.57%"
"01.02.2005","11.310","11.230","11.375","11.150","3.85M","0.71%"
"31.01.2005","11.230","11.150","11.325","11.050","1.44M","0.45%"
"28.01.2005","11.180","11.145","11.205","10.925","2.99M","-0.97%"
"27.01.2005","11.290","11.500","11.705","11.245","2.53M","-2.00%"
"26.01.2005","11.520","11.450","11.550","11.425","1.97M","0.83%"
"25.01.2005","11.425","11.485","11.500","11.345","1.75M","-1.04%"
"24.01.2005","11.545","11.250","11.650","11.250","1.51M","2.62%"
"21.01.2005","11.250","11.200","11.275","11.000","3.41M","0.49%"
"20.01.2005","11.195","11.350","11.350","11.000","1.40M","-1.41%"
"19.01.2005","11.355","11.000","11.355","11.000","8.63M","3.46%"
"18.01.2005","10.975","10.500","11.000","10.500","6.34M","4.52%"
"17.01.2005","10.500","10.500","10.505","10.450","1.33M","0.72%"
"14.01.2005","10.425","10.275","10.500","10.275","1.06M","0.97%"
"13.01.2005","10.325","10.365","10.365","10.250","1.41M","-0.10%"
"12.01.2005","10.335","10.225","10.375","10.225","879.40K","1.22%"
"11.01.2005","10.210","10.200","10.300","10.200","1.73M","-0.44%"
"10.01.2005","10.255","10.250","10.365","10.200","668.60K","-0.34%"
"07.01.2005","10.290","10.605","10.605","10.200","1.13M","-2.60%"
"06.01.2005","10.565","10.300","10.650","10.240","1.52M","3.22%"
"05.01.2005","10.235","10.350","10.350","10.200","1.21M","-1.59%"
"04.01.2005","10.400","10.475","10.550","10.285","1.04M","-0.72%"
"03.01.2005","10.475","10.330","10.575","10.330","1.41M","2.15%"
"31.12.2004","10.255","10.450","10.450","10.255","223.00K","-0.29%"
"30.12.2004","10.285","10.490","10.490","10.245","341.60K","-1.95%"
"29.12.2004","10.490","10.500","10.650","10.425","1.53M","-0.10%"
"28.12.2004","10.500","10.425","10.625","10.400","2.22M","0.05%"
"27.12.2004","10.495","10.450","10.500","10.400","1.82M","0.43%"
"24.12.2004","10.450","10.500","10.500","10.300","80.60K","1.46%"
"23.12.2004","10.300","10.375","10.375","10.300","1.16M","-0.72%"
"22.12.2004","10.375","10.600","10.600","10.345","1.74M","-1.14%"
"21.12.2004","10.495","10.500","10.550","10.450","829.80K","0.72%"
"20.12.2004","10.420","10.485","10.485","10.370","895.20K","-0.62%"
"17.12.2004","10.485","10.350","10.500","10.350","1.09M","0.77%"
"16.12.2004","10.405","10.600","10.600","10.400","904.00K","-0.72%"
"15.12.2004","10.480","10.375","10.500","10.350","1.03M","1.01%"
"14.12.2004","10.375","10.500","10.500","10.375","1.25M","0.53%"
"13.12.2004","10.320","10.500","10.500","10.300","1.91M","-1.71%"
"10.12.2004","10.500","10.400","10.500","10.400","2.59M","1.35%"
"09.12.2004","10.360","10.000","10.375","10.000","712.00K","3.60%"
"08.12.2004","10.000","10.100","10.200","9.995","777.80K","-0.99%"
"07.12.2004","10.100","10.350","10.350","10.100","1.36M","-2.88%"
"06.12.2004","10.400","10.500","10.500","10.400","1.22M","0.00%"
"03.12.2004","10.400","10.450","10.500","10.400","1.04M","-0.14%"
"02.12.2004","10.415","10.500","10.500","10.400","2.76M","-0.76%"
"01.12.2004","10.495","10.500","10.750","10.475","3.61M","0.19%"
"30.11.2004","10.475","10.535","10.650","10.475","2.91M","-0.57%"
"29.11.2004","10.535","10.450","10.650","10.450","1.56M","0.43%"
"26.11.2004","10.490","10.500","10.600","10.450","2.27M","0.19%"
"25.11.2004","10.470","10.325","10.500","10.300","141.60K","1.16%"
"24.11.2004","10.350","10.300","10.395","10.200","2.94M","0.05%"
"23.11.2004","10.345","10.395","10.400","10.300","3.23M","-0.05%"
"22.11.2004","10.350","10.350","10.350","10.300","1.73M","0.10%"
"19.11.2004","10.340","10.300","10.450","10.300","2.90M","-1.52%"
"18.11.2004","10.500","10.650","10.650","10.375","3.26M","0.00%"
"17.11.2004","10.500","10.505","10.550","10.460","4.47M","0.53%"
"16.11.2004","10.445","10.390","10.445","10.350","1.86M","0.77%"
"15.11.2004","10.365","10.245","10.390","10.245","949.20K","1.17%"
"12.11.2004","10.245","10.145","10.325","10.145","2.93M","1.44%"
"11.11.2004","10.100","9.885","10.125","9.885","6.18M","2.80%"
"10.11.2004","9.825","9.800","9.900","9.750","1.07M","0.51%"
"09.11.2004","9.775","9.785","9.785","9.725","2.48M","-0.10%"
"08.11.2004","9.785","9.755","9.850","9.750","1.38M","-0.10%"
"05.11.2004","9.795","9.825","9.900","9.750","1.49M","0.36%"
"04.11.2004","9.760","9.750","9.825","9.655","2.47M","0.10%"
"03.11.2004","9.750","9.730","9.750","9.625","2.40M","0.88%"
"02.11.2004","9.665","9.700","9.700","9.575","1.51M","-0.36%"
"01.11.2004","9.700","9.645","9.730","9.625","1.56M","0.57%"
"29.10.2004","9.645","9.950","9.950","9.500","2.50M","-0.57%"
"28.10.2004","9.700","9.750","9.875","9.700","707.80K","-2.02%"
"27.10.2004","9.900","9.875","10.000","9.850","5.49M","0.25%"
"26.10.2004","9.875","9.900","9.950","9.875","1.32M","-0.25%"
"25.10.2004","9.900","9.810","9.925","9.800","1.79M","0.92%"
"22.10.2004","9.810","9.690","9.850","9.690","687.20K","1.24%"
"21.10.2004","9.690","9.600","9.700","9.600","473.80K","0.41%"
"20.10.2004","9.650","9.575","9.650","9.500","1.42M","0.52%"
"19.10.2004","9.600","9.650","9.650","9.575","428.80K","-0.36%"
"18.10.2004","9.635","9.500","9.645","9.500","158.20K","1.42%"
"15.10.2004","9.500","9.550","9.550","9.500","78.60K","-0.52%"
"14.10.2004","9.550","9.650","9.700","9.500","1.20M","-1.04%"
"13.10.2004","9.650","9.600","9.650","9.575","2.12M","0.36%"
"12.10.2004","9.615","9.600","9.625","9.500","662.00K","0.16%"
"11.10.2004","9.600","9.500","9.675","9.500","361.00K","1.05%"
"08.10.2004","9.500","9.680","9.680","9.500","280.40K","-1.86%"
"07.10.2004","9.680","9.540","9.700","9.450","819.80K","1.47%"
"06.10.2004","9.540","9.620","9.650","9.500","1.31M","-2.65%"
"05.10.2004","9.800","9.900","9.975","9.750","490.40K","-2.00%"
"04.10.2004","10.000","9.910","10.000","9.880","608.80K","0.91%"
"01.10.2004","9.910","9.750","10.250","9.750","610.00K","1.54%"
"30.09.2004","9.760","9.650","9.850","9.645","2.48M","1.14%"
"29.09.2004","9.650","9.500","9.900","9.500","1.22M","2.33%"
"28.09.2004","9.430","8.965","9.430","8.965","740.40K","5.19%"
"27.09.2004","8.965","8.865","9.000","8.775","582.80K","1.13%"
"24.09.2004","8.865","8.550","8.900","8.550","2.00M","4.54%"
"23.09.2004","8.480","8.355","8.595","8.355","763.40K","1.56%"
"22.09.2004","8.350","8.350","8.355","8.300","633.40K","-0.60%"
"21.09.2004","8.400","8.350","8.450","8.350","1.06M","0.00%"
"20.09.2004","8.400","8.430","8.430","8.400","408.80K","-0.30%"
"17.09.2004","8.425","8.450","8.475","8.350","573.20K","0.72%"
"15.09.2004","8.365","8.365","8.400","8.250","645.00K","0.00%"
"14.09.2004","8.365","8.350","8.400","8.345","729.40K","0.18%"
"13.09.2004","8.350","8.425","8.475","8.350","695.20K","-0.77%"
"10.09.2004","8.415","8.435","8.450","8.400","233.00K","-0.24%"
"09.09.2004","8.435","8.475","8.500","8.400","324.00K","-0.24%"
"08.09.2004","8.455","8.415","8.500","8.405","502.60K","0.83%"
"07.09.2004","8.385","8.355","8.420","8.355","622.20K","0.72%"
"06.09.2004","8.325","8.250","8.350","8.250","177.00K","1.65%"
"03.09.2004","8.190","8.375","8.375","8.000","383.40K","-2.09%"
"02.09.2004","8.365","8.315","8.400","8.315","247.80K","0.60%"
"01.09.2004","8.315","8.400","8.445","8.300","800.20K","-1.01%"
"31.08.2004","8.400","8.400","8.425","8.400","221.40K","0.00%"
"30.08.2004","8.400","8.400","8.400","8.350","1.11M","0.00%"
"27.08.2004","8.400","8.300","8.400","8.300","55.60K","0.72%"
"26.08.2004","8.340","8.465","8.465","8.325","1.03M","-1.07%"
"25.08.2004","8.430","8.425","8.505","8.395","842.80K","0.06%"
"24.08.2004","8.425","8.400","8.500","8.400","1.14M","-0.94%"
"23.08.2004","8.505","8.400","8.605","8.400","1.29M","1.67%"
"20.08.2004","8.365","8.250","8.375","8.245","716.60K","1.33%"
"19.08.2004","8.255","8.150","8.345","8.150","1.42M","0.92%"
"18.08.2004","8.180","8.000","8.185","8.000","1.15M","-0.55%"
"17.08.2004","8.225","8.185","8.325","8.185","823.60K","0.49%"
"16.08.2004","8.185","8.000","8.250","8.000","1.14M","2.38%"
"13.08.2004","7.995","8.000","8.025","7.950","723.20K","-0.62%"
"12.08.2004","8.045","8.000","8.075","8.000","631.00K","0.00%"
"11.08.2004","8.045","8.000","8.120","7.975","954.80K","-0.12%"
"10.08.2004","8.055","8.095","8.150","7.950","1.38M","-0.49%"
"09.08.2004","8.095","8.200","8.200","8.000","621.80K","-1.52%"
"06.08.2004","8.220","8.250","8.365","8.200","374.00K","-1.56%"
"05.08.2004","8.350","8.450","8.450","8.350","114.80K","-1.18%"
"04.08.2004","8.450","8.375","8.450","8.300","287.20K","0.30%"
"03.08.2004","8.425","8.510","8.510","8.400","498.00K","-1.06%"
"02.08.2004","8.515","8.465","8.550","8.450","646.00K","0.59%"
"30.07.2004","8.465","8.450","8.475","8.375","229.60K","0.18%"
"29.07.2004","8.450","8.450","8.510","8.400","872.40K","-0.18%"
"28.07.2004","8.465","8.430","8.500","8.250","2.82M","-0.24%"
"27.07.2004","8.485","8.225","8.500","8.225","928.80K","3.16%"
"26.07.2004","8.225","8.125","8.250","8.125","300.60K","1.48%"
"23.07.2004","8.105","8.500","8.500","8.000","352.40K","-4.93%"
"22.07.2004","8.525","8.500","8.550","8.480","355.80K","0.24%"
"21.07.2004","8.505","8.575","8.575","8.500","630.40K","-0.82%"
"20.07.2004","8.575","8.200","8.575","8.200","1.12M","4.76%"
"19.07.2004","8.185","8.150","8.275","8.150","57.40K","-0.85%"
"16.07.2004","8.255","8.350","8.350","8.250","581.80K","-0.54%"
"15.07.2004","8.300","7.925","8.300","7.925","603.00K","3.88%"
"14.07.2004","7.990","8.000","8.005","7.950","793.20K","-0.75%"
"13.07.2004","8.050","8.040","8.055","8.035","377.80K","0.19%"
"12.07.2004","8.035","8.000","8.055","8.000","395.80K","0.44%"
"09.07.2004","8.000","8.000","8.050","7.965","226.00K","0.00%"
"08.07.2004","8.000","8.100","8.100","7.950","1.35M","-0.68%"
"07.07.2004","8.055","8.020","8.150","8.000","1.60M","0.44%"
"06.07.2004","8.020","8.040","8.100","8.000","1.65M","-0.25%"
"05.07.2004","8.040","8.250","8.250","7.995","202.60K","-2.55%"
"02.07.2004","8.250","8.250","8.250","8.100","760.80K","3.13%"
"01.07.2004","8.000","8.250","8.375","8.000","3.92M","-2.08%"
"30.06.2004","8.170","7.750","8.250","7.750","2.05M","6.80%"
"29.06.2004","7.650","7.510","7.650","7.510","299.40K","1.86%"
"28.06.2004","7.510","7.595","7.600","7.500","411.80K","-1.12%"
"25.06.2004","7.595","7.650","7.650","7.550","157.80K","-0.52%"
"24.06.2004","7.635","7.600","7.650","7.595","185.80K","0.53%"
"23.06.2004","7.595","7.595","7.625","7.550","227.00K","0.00%"
"22.06.2004","7.595","7.550","7.600","7.550","1.34M","1.95%"
"21.06.2004","7.450","7.410","7.495","7.410","113.00K","1.09%"
"18.06.2004","7.370","7.475","7.500","7.355","598.40K","-1.40%"
"17.06.2004","7.475","7.415","7.500","7.415","1.04M","0.34%"
"16.06.2004","7.450","7.400","7.500","7.400","1.17M","0.81%"
"15.06.2004","7.390","7.300","7.410","7.290","585.00K","1.37%"
"14.06.2004","7.290","7.320","7.350","7.285","497.20K","-0.48%"
"11.06.2004","7.325","7.375","7.375","7.325","12.00K","-0.14%"
"10.06.2004","7.335","7.350","7.350","7.250","1.16M","-0.47%"
"09.06.2004","7.370","7.400","7.400","7.350","280.20K","-0.67%"
"08.06.2004","7.420","7.545","7.550","7.400","804.40K","-2.37%"
"07.06.2004","7.600","7.485","7.650","7.450","1.06M","1.54%"
"04.06.2004","7.485","7.450","7.500","7.300","160.80K","2.89%"
"03.06.2004","7.275","7.275","7.410","7.275","581.20K","-1.69%"
"02.06.2004","7.400","7.325","7.400","7.250","242.40K","0.07%"
"01.06.2004","7.395","7.350","7.500","7.255","241.80K","0.61%"
"31.05.2004","7.350","7.250","7.350","7.250","30.00K","1.31%"
"28.05.2004","7.255","7.550","7.650","7.255","486.80K","-3.91%"
"27.05.2004","7.550","7.685","7.700","7.450","752.00K","-1.76%"
"26.05.2004","7.685","7.500","7.820","7.250","2.30M","3.50%"
"25.05.2004","7.425","7.365","7.425","7.365","262.40K","0.81%"
"24.05.2004","7.365","7.600","7.600","7.200","255.80K","2.36%"
"21.05.2004","7.195","7.075","7.200","7.075","58.60K","1.70%"
"20.05.2004","7.075","7.100","7.200","7.055","260.00K","0.35%"
"19.05.2004","7.050","7.225","7.400","7.000","1.32M","-1.74%"
"18.05.2004","7.175","7.100","7.325","7.100","665.60K","1.99%"
"17.05.2004","7.035","7.100","7.175","6.905","1.09M","-2.49%"
"14.05.2004","7.215","7.135","7.325","7.135","400.80K","1.26%"
"13.05.2004","7.125","7.135","7.250","7.125","347.40K","-0.21%"
"12.05.2004","7.140","7.275","7.280","7.000","821.60K","-2.46%"
"11.05.2004","7.320","7.475","7.550","7.300","1.58M","-0.27%"
"10.05.2004","7.340","7.000","7.505","7.000","2.52M","3.31%"
"07.05.2004","7.105","7.040","7.600","6.945","2.78M","0.92%"
"06.05.2004","7.040","7.000","7.095","7.000","1.75M","0.21%"
"05.05.2004","7.025","7.335","7.350","6.950","1.40M","-4.29%"
"04.05.2004","7.340","7.365","7.400","7.200","1.66M","-0.34%"
"03.05.2004","7.365","7.150","7.450","7.150","2.50M","3.08%"
"30.04.2004","7.145","7.250","7.250","7.050","7.26M","-2.12%"
"29.04.2004","7.300","7.500","7.500","7.250","3.36M","-2.41%"
"28.04.2004","7.480","7.675","7.725","7.300","2.37M","-3.36%"
"27.04.2004","7.740","7.645","7.745","7.600","2.01M","1.84%"
"26.04.2004","7.600","7.520","7.645","7.520","669.80K","1.06%"
"23.04.2004","7.520","7.635","7.650","7.500","1.13M","-1.51%"
"22.04.2004","7.635","7.670","7.675","7.500","914.40K","-0.84%"
"21.04.2004","7.700","7.750","7.750","7.635","813.80K","-0.65%"
"20.04.2004","7.750","7.700","7.800","7.700","1.17M","1.31%"
"19.04.2004","7.650","7.550","7.650","7.490","1.20M","-0.84%"
"16.04.2004","7.715","7.500","7.800","7.500","870.80K","2.46%"
"15.04.2004","7.530","7.360","7.530","7.360","1.08M","2.38%"
"14.04.2004","7.355","7.500","7.525","7.300","3.40M","-1.74%"
"13.04.2004","7.485","7.800","7.875","7.450","637.00K","-5.19%"
"12.04.2004","7.895","7.750","8.000","7.715","667.80K","2.33%"
"07.04.2004","7.715","8.080","8.150","7.600","2.68M","-4.52%"
"06.04.2004","8.080","7.850","8.105","7.850","661.00K","2.28%"
"05.04.2004","7.900","7.750","7.905","7.745","579.80K","2.00%"
"02.04.2004","7.745","7.700","7.750","7.560","2.00M","3.20%"
"01.04.2004","7.505","7.375","7.700","7.375","2.55M","1.35%"
"31.03.2004","7.405","7.275","7.425","7.250","1.49M","1.44%"
"30.03.2004","7.300","7.335","7.335","7.200","941.60K","-0.48%"
"29.03.2004","7.335","7.250","7.350","7.125","1.85M","0.82%"
"26.03.2004","7.275","7.275","7.390","7.250","3.17M","0.00%"
"25.03.2004","7.275","7.050","7.300","7.005","3.84M","3.93%"
"24.03.2004","7.000","6.940","7.000","6.900","2.55M","1.38%"
"23.03.2004","6.905","6.895","6.925","6.800","2.66M","0.51%"
"22.03.2004","6.870","6.735","6.930","6.600","2.57M","2.00%"
"19.03.2004","6.735","6.600","6.775","6.600","870.00K","1.43%"
"18.03.2004","6.640","6.505","6.700","6.505","1.50M","1.07%"
"17.03.2004","6.570","6.450","6.625","6.450","3.10M","1.78%"
"16.03.2004","6.455","6.595","6.600","6.405","2.36M","-0.69%"
"15.03.2004","6.500","6.675","6.675","6.500","1.81M","-2.62%"
"12.03.2004","6.675","6.525","6.750","6.425","1.25M","3.01%"
"11.03.2004","6.480","6.550","6.725","6.450","2.48M","-2.78%"
"10.03.2004","6.665","6.825","6.825","6.650","1.23M","-2.34%"
"09.03.2004","6.825","6.975","6.975","6.800","395.60K","-1.80%"
"08.03.2004","6.950","6.850","6.950","6.775","583.00K","-0.07%"
"05.03.2004","6.955","6.950","7.000","6.800","1.12M","-0.57%"
"04.03.2004","6.995","6.950","7.000","6.895","929.00K","1.30%"
"03.03.2004","6.905","7.000","7.000","6.850","731.40K","-2.06%"
"02.03.2004","7.050","7.005","7.075","6.950","1.35M","0.00%"
"01.03.2004","7.050","6.850","7.125","6.850","1.99M","3.60%"
"27.02.2004","6.805","6.850","6.850","6.800","2.31M","0.15%"
"26.02.2004","6.795","6.750","6.850","6.750","3.59M","1.80%"
"25.02.2004","6.675","6.750","6.750","6.650","503.60K","-1.55%"
"24.02.2004","6.780","6.600","6.850","6.600","1.01M","2.11%"
"23.02.2004","6.640","6.800","6.800","6.600","837.20K","-3.42%"
"20.02.2004","6.875","6.860","6.910","6.790","16.59M","-0.65%"
"19.02.2004","6.920","6.900","6.950","6.850","14.60M","0.29%"
"18.02.2004","6.900","6.950","7.000","6.900","14.56M","-0.65%"
"17.02.2004","6.945","6.975","7.125","6.900","5.30M","1.24%"
"16.02.2004","6.860","6.885","6.950","6.850","897.80K","-0.36%"
"13.02.2004","6.885","6.925","6.930","6.825","3.86M","-0.43%"
"12.02.2004","6.915","7.100","7.125","6.850","5.92M","-3.49%"
"11.02.2004","7.165","7.100","7.200","7.000","4.71M","0.00%"
"10.02.2004","7.165","7.075","7.250","7.050","18.38M","1.27%"
"09.02.2004","7.075","6.950","7.075","6.950","1.51M","2.39%"
"06.02.2004","6.910","6.730","6.950","6.730","3.52M","2.67%"
"05.02.2004","6.730","6.800","6.950","6.530","3.20M","0.00%"
"04.02.2004","6.730","6.800","6.950","6.530","3.20M","-3.17%"
"03.02.2004","6.950","6.925","7.000","6.850","1.92M","-0.57%"
"02.02.2004","6.990","7.250","7.500","6.950","6.32M","2.95%"
"30.01.2004","6.790","6.900","6.900","6.765","1.59M","-2.58%"
"29.01.2004","6.970","6.950","6.975","6.925","11.81M","0.36%"
"28.01.2004","6.945","6.900","7.000","6.850","8.36M","1.24%"
"27.01.2004","6.860","6.625","6.925","6.625","7.78M","1.63%"
"26.01.2004","6.750","6.500","7.000","6.500","7.41M","3.85%"
"23.01.2004","6.500","6.355","6.570","6.350","19.58M","3.09%"
"22.01.2004","6.305","6.250","6.400","6.250","6.23M","0.88%"
"21.01.2004","6.250","6.300","6.320","6.250","2.34M","-0.79%"
"20.01.2004","6.300","6.330","6.400","6.300","1.01M","-1.49%"
"19.01.2004","6.395","6.195","6.400","6.195","8.34M","3.23%"
"16.01.2004","6.195","6.410","6.450","6.100","5.16M","-3.28%"
"15.01.2004","6.405","6.430","6.475","6.400","7.38M","-1.23%"
"14.01.2004","6.485","6.385","6.495","6.385","7.47M","1.57%"
"13.01.2004","6.385","6.375","6.400","6.350","369.80K","0.16%"
"12.01.2004","6.375","6.355","6.400","6.350","936.40K","0.39%"
"09.01.2004","6.350","6.400","6.450","6.300","1.74M","-1.47%"
"08.01.2004","6.445","6.400","6.495","6.400","1.29M","0.94%"
"07.01.2004","6.385","6.400","6.425","6.370","8.49M","0.00%"
"06.01.2004","6.385","6.300","6.500","6.300","956.40K","1.75%"
"05.01.2004","6.275","6.100","6.275","6.100","1.26M","2.87%"
"02.01.2004","6.100","6.080","6.100","6.080","196.40K","0.33%"
"01.01.2004","6.080","6.050","6.100","6.045","356.00K","0.00%"
"31.12.2003","6.080","6.050","6.100","6.045","356.00K","1.33%"
"30.12.2003","6.000","5.950","6.000","5.950","470.40K","0.59%"
"29.12.2003","5.965","6.075","6.075","5.950","505.40K","-1.81%"
"26.12.2003","6.075","6.050","6.075","6.000","48.20K","0.41%"
"24.12.2003","6.050","6.125","6.125","5.910","41.20K","1.42%"
"23.12.2003","5.965","5.900","5.975","5.900","526.60K","1.10%"
"22.12.2003","5.900","6.125","6.125","5.900","330.40K","-4.30%"
"19.12.2003","6.165","6.170","6.170","6.125","212.40K","-0.08%"
"18.12.2003","6.170","6.025","6.175","6.025","1.22M","3.18%"
"17.12.2003","5.980","5.855","6.000","5.850","255.40K","2.22%"
"16.12.2003","5.850","5.900","5.905","5.795","5.28M","-0.93%"
"15.12.2003","5.905","6.025","6.025","5.900","5.79M","-2.15%"
"11.12.2003","6.035","5.975","6.050","5.925","664.80K","1.68%"
"10.12.2003","5.935","6.000","6.050","5.900","606.40K","-1.08%"
"09.12.2003","6.000","6.040","6.040","6.000","610.00K","-0.66%"
"08.12.2003","6.040","5.995","6.050","5.995","288.80K","0.75%"
"05.12.2003","5.995","6.075","6.075","5.950","743.20K","-1.72%"
"04.12.2003","6.100","6.000","6.100","6.000","754.00K","1.67%"
"03.12.2003","6.000","6.000","6.050","6.000","617.00K","0.59%"
"02.12.2003","5.965","6.050","6.050","5.950","1.07M","-2.13%"
"01.12.2003","6.095","6.175","6.200","6.075","850.80K","-0.57%"
"28.11.2003","6.130","6.100","6.150","6.055","1.22M","0.82%"
"27.11.2003","6.080","5.925","6.095","5.925","394.00K","3.31%"
"26.11.2003","5.885","5.825","5.950","5.825","511.40K","1.03%"
"25.11.2003","5.825","5.830","5.865","5.775","1.35M","-0.09%"
"24.11.2003","5.830","5.950","5.950","5.830","1.53M","-2.10%"
"21.11.2003","5.955","5.940","5.975","5.935","374.60K","0.25%"
"19.11.2003","5.940","5.980","5.980","5.900","1.43M","-0.92%"
"18.11.2003","5.995","5.975","6.000","5.925","622.20K","2.22%"
"17.11.2003","5.865","5.850","5.945","5.850","801.80K","0.09%"
"14.11.2003","5.860","5.960","5.960","5.750","474.60K","-1.68%"
"13.11.2003","5.960","5.900","5.965","5.900","2.22M","0.68%"
"12.11.2003","5.920","5.925","6.025","5.900","4.02M","0.77%"
"11.11.2003","5.875","5.800","5.900","5.800","4.00M","0.60%"
"10.11.2003","5.840","5.850","5.870","5.825","727.60K","-0.51%"
"07.11.2003","5.870","5.925","5.925","5.870","2.63M","-1.51%"
"06.11.2003","5.960","6.000","6.000","5.950","1.02M","-0.67%"
"05.11.2003","6.000","6.150","6.150","6.000","1.36M","-2.68%"
"04.11.2003","6.165","6.170","6.175","6.125","843.40K","-0.08%"
"03.11.2003","6.170","6.165","6.200","6.150","1.63M","0.08%"
"31.10.2003","6.165","6.200","6.200","6.075","885.60K","0.74%"
"30.10.2003","6.120","6.070","6.250","6.070","672.60K","0.82%"
"29.10.2003","6.070","6.075","6.100","6.055","1.53M","-0.16%"
"28.10.2003","6.080","6.150","6.175","5.925","1.69M","-0.90%"
"27.10.2003","6.135","6.175","6.200","6.100","2.06M","-0.57%"
"24.10.2003","6.170","6.100","6.180","6.100","1.22M","1.65%"
"23.10.2003","6.070","6.005","6.080","6.005","575.80K","0.08%"
"22.10.2003","6.065","6.025","6.065","6.025","227.60K","0.17%"
"21.10.2003","6.055","6.070","6.095","6.050","415.60K","-0.25%"
"20.10.2003","6.070","5.995","6.075","5.995","1.66M","0.75%"
"17.10.2003","6.025","6.050","6.075","6.000","885.20K","-0.82%"
"16.10.2003","6.075","5.930","6.105","5.930","667.80K","2.10%"
"15.10.2003","5.950","5.935","5.950","5.930","1.35M","0.08%"
"14.10.2003","5.945","5.900","5.950","5.900","996.80K","-0.59%"
"13.10.2003","5.980","5.965","6.000","5.925","651.00K","0.25%"
"10.10.2003","5.965","5.925","6.005","5.925","975.80K","0.25%"
"09.10.2003","5.950","5.970","6.100","5.950","2.08M","-0.25%"
"08.10.2003","5.965","6.125","6.125","5.925","222.80K","-3.32%"
"07.10.2003","6.170","6.100","6.175","6.050","1.07M","-1.36%"
"06.10.2003","6.255","5.905","6.255","5.905","859.60K","5.93%"
"03.10.2003","5.905","5.850","5.950","5.850","795.80K","1.81%"
"02.10.2003","5.800","6.050","6.050","5.750","1.31M","-4.13%"
"01.10.2003","6.050","5.960","6.100","5.960","1.96M","1.51%"
"30.09.2003","5.960","5.950","6.000","5.950","561.00K","-0.58%"
"29.09.2003","5.995","5.780","6.000","5.780","548.20K","4.17%"
"26.09.2003","5.755","5.800","5.805","5.750","695.40K","-1.54%"
"25.09.2003","5.845","5.800","5.850","5.775","2.19M","0.60%"
"24.09.2003","5.810","5.800","5.850","5.775","1.49M","0.17%"
"23.09.2003","5.800","5.835","5.850","5.800","516.20K","-0.60%"
"22.09.2003","5.835","5.895","5.895","5.800","328.40K","-1.10%"
"19.09.2003","5.900","5.900","5.935","5.850","696.00K","-0.76%"
"18.09.2003","5.945","5.770","5.950","5.770","1.27M","2.94%"
"17.09.2003","5.775","5.770","5.780","5.700","982.60K","-0.43%"
"15.09.2003","5.800","5.800","5.800","5.750","492.20K","0.00%"
"12.09.2003","5.800","5.770","5.800","5.750","1.37M","0.87%"
"11.09.2003","5.750","5.865","5.865","5.745","515.00K","-1.96%"
"10.09.2003","5.865","5.745","5.865","5.745","886.60K","2.09%"
"09.09.2003","5.745","5.755","5.760","5.725","1.28M","-0.17%"
"08.09.2003","5.755","5.755","5.800","5.755","277.60K","0.09%"
"05.09.2003","5.750","5.750","5.750","5.725","528.40K","0.00%"
"04.09.2003","5.750","5.740","5.750","5.675","1.04M","0.17%"
"03.09.2003","5.740","5.750","5.950","5.715","1.01M","0.26%"
"02.09.2003","5.725","5.680","5.725","5.675","543.60K","0.79%"
"01.09.2003","5.680","5.680","5.680","5.675","128.60K","0.09%"
"29.08.2003","5.675","5.675","5.700","5.675","330.80K","0.00%"
"28.08.2003","5.675","5.710","5.710","5.675","1.35M","-0.61%"
"27.08.2003","5.710","5.650","5.725","5.650","286.40K","0.62%"
"26.08.2003","5.675","5.650","5.675","5.625","509.00K","0.35%"
"25.08.2003","5.655","5.650","5.655","5.650","206.20K","0.00%"
"22.08.2003","5.655","5.650","5.655","5.650","70.60K","0.00%"
"21.08.2003","5.655","5.645","5.655","5.645","332.40K","0.35%"
"20.08.2003","5.635","5.625","5.660","5.600","423.60K","-0.27%"
"19.08.2003","5.650","5.645","5.675","5.645","575.40K","0.89%"
"15.08.2003","5.600","5.700","5.700","5.590","84.40K","0.00%"
"14.08.2003","5.600","5.590","5.700","5.590","662.60K","0.18%"
"13.08.2003","5.590","5.575","5.600","5.575","273.40K","0.00%"
"12.08.2003","5.590","5.585","5.600","5.575","705.80K","0.09%"
"11.08.2003","5.585","5.585","5.600","5.580","659.60K","-0.80%"
"08.08.2003","5.630","5.515","5.640","5.500","1.86M","2.27%"
"07.08.2003","5.505","5.460","5.505","5.460","236.40K","0.82%"
"06.08.2003","5.460","5.550","5.555","5.450","989.20K","-2.15%"
"05.08.2003","5.580","5.600","5.600","5.580","1.98M","-0.98%"
"04.08.2003","5.635","5.430","5.700","5.430","2.09M","3.87%"
"01.08.2003","5.425","5.350","5.425","5.350","1.12M","1.31%"
"31.07.2003","5.355","5.345","5.400","5.315","1.47M","0.75%"
"30.07.2003","5.315","5.210","5.350","5.210","789.80K","2.02%"
"29.07.2003","5.210","5.200","5.300","5.100","1.23M","-0.76%"
"28.07.2003","5.250","5.300","5.350","5.250","226.20K","-0.94%"
"25.07.2003","5.300","5.150","5.305","5.150","217.00K","2.91%"
"24.07.2003","5.150","5.250","5.300","5.150","1.16M","-1.90%"
"23.07.2003","5.250","5.135","5.250","5.135","1.21M","2.54%"
"22.07.2003","5.120","5.010","5.125","5.000","613.00K","1.89%"
"21.07.2003","5.025","5.000","5.050","5.000","1.06M","-0.20%"
"18.07.2003","5.035","5.105","5.105","5.000","1.47M","-1.37%"
"17.07.2003","5.105","5.150","5.150","5.050","6.10M","-1.92%"
"16.07.2003","5.205","5.440","5.440","5.150","3.29M","-4.32%"
"15.07.2003","5.440","5.430","5.450","5.430","1.04M","0.18%"
"14.07.2003","5.430","5.325","5.465","5.325","592.20K","2.94%"
"11.07.2003","5.275","5.250","5.400","5.250","787.00K","-0.47%"
"10.07.2003","5.300","5.265","5.300","5.200","557.60K","1.44%"
"08.07.2003","5.225","5.200","5.250","5.200","757.60K","0.10%"
"07.07.2003","5.220","5.200","5.300","5.200","801.20K","1.85%"
"03.07.2003","5.125","5.130","5.130","5.125","583.40K","-0.10%"
"02.07.2003","5.130","5.150","5.200","5.125","1.09M","-0.39%"
"01.07.2003","5.150","5.080","5.175","5.045","1.89M","1.38%"
"30.06.2003","5.080","5.105","5.150","5.075","558.20K","-0.49%"
"27.06.2003","5.105","5.000","5.110","5.000","879.20K","-0.10%"
"26.06.2003","5.110","5.050","5.150","5.050","775.20K","1.39%"
"25.06.2003","5.040","5.100","5.275","5.000","1.79M","-1.18%"
"24.06.2003","5.100","4.955","5.100","4.955","1.43M","2.93%"
"23.06.2003","4.955","4.985","4.985","4.950","421.40K","-0.60%"
"20.06.2003","4.985","4.950","5.000","4.950","1.06M","0.10%"
"18.06.2003","4.980","5.085","5.150","4.975","1.83M","-2.06%"
"17.06.2003","5.085","5.000","5.125","4.970","1.31M","4.52%"
"13.06.2003","4.865","4.900","5.000","4.850","2.15M","-0.71%"
"12.06.2003","4.900","5.075","5.100","4.860","5.03M","-2.97%"
"11.06.2003","5.050","4.880","5.150","4.880","1.41M","3.48%"
"10.06.2003","4.880","4.715","4.905","4.715","1.55M","5.17%"
"09.06.2003","4.640","4.600","4.650","4.600","813.00K","0.32%"
"06.06.2003","4.625","4.665","4.750","4.625","1.39M","-0.64%"
"05.06.2003","4.655","4.670","4.700","4.650","888.00K","-0.64%"
"04.06.2003","4.685","4.505","4.735","4.505","1.29M","2.74%"
"03.06.2003","4.560","4.520","4.600","4.500","749.20K","0.88%"
"02.06.2003","4.520","4.625","4.630","4.400","1.96M","-1.74%"
"30.05.2003","4.600","4.675","4.675","4.550","2.40M","0.88%"
"29.05.2003","4.560","4.625","4.625","4.550","3.69M","-0.33%"
"28.05.2003","4.575","4.600","4.800","4.550","3.28M","-0.44%"
"27.05.2003","4.595","4.595","4.700","4.550","653.40K","0.00%"
"26.05.2003","4.595","4.700","4.750","4.555","563.00K","-2.23%"
"23.05.2003","4.700","4.575","4.700","4.575","557.40K","2.73%"
"22.05.2003","4.575","4.500","4.650","4.475","968.60K","2.69%"
"21.05.2003","4.455","4.460","4.625","4.450","553.00K","-0.11%"
"20.05.2003","4.460","4.605","4.605","4.450","1.13M","-3.15%"
"19.05.2003","4.605","4.625","4.630","4.575","1.02M","-0.86%"
"16.05.2003","4.645","4.670","4.680","4.640","613.00K","-0.96%"
"15.05.2003","4.690","4.710","4.750","4.635","898.40K","-0.42%"
"14.05.2003","4.710","4.670","4.740","4.670","1.01M","0.86%"
"13.05.2003","4.670","4.640","4.670","4.640","567.00K","0.43%"
"12.05.2003","4.650","4.570","4.650","4.570","374.00K","1.75%"
"09.05.2003","4.570","4.535","4.600","4.525","833.40K","0.99%"
"08.05.2003","4.525","4.500","4.550","4.500","879.20K","-0.11%"
"07.05.2003","4.530","4.550","4.550","4.510","277.60K","0.11%"
"06.05.2003","4.525","4.625","4.650","4.525","455.40K","-2.37%"
"05.05.2003","4.635","4.625","4.680","4.625","431.20K","-0.43%"
"02.05.2003","4.655","4.600","4.675","4.600","663.40K","2.76%"
"30.04.2003","4.530","4.505","4.530","4.505","1.08M","0.89%"
"29.04.2003","4.490","4.290","4.600","4.290","2.67M","4.91%"
"28.04.2003","4.280","4.260","4.320","4.250","1.07M","0.59%"
"25.04.2003","4.255","4.300","4.325","4.250","288.20K","0.00%"
"24.04.2003","4.255","4.300","4.300","4.250","724.00K","0.35%"
"23.04.2003","4.240","4.300","4.375","4.200","1.60M","-1.40%"
"22.04.2003","4.300","4.300","4.350","4.275","431.80K","0.47%"
"16.04.2003","4.280","4.240","4.300","4.240","648.40K","1.54%"
"15.04.2003","4.215","4.225","4.255","4.205","561.20K","0.24%"
"14.04.2003","4.205","4.200","4.210","4.200","245.80K","0.00%"
"11.04.2003","4.205","4.250","4.300","4.205","572.20K","0.00%"
"10.04.2003","4.205","4.180","4.275","4.175","1.34M","0.60%"
"09.04.2003","4.180","4.180","4.200","4.175","529.20K","0.24%"
"08.04.2003","4.170","4.200","4.200","4.160","6.07M","-0.71%"
"07.04.2003","4.200","4.245","4.250","4.175","2.85M","0.24%"
"04.04.2003","4.190","4.150","4.200","4.150","2.63M","2.32%"
"03.04.2003","4.095","4.150","4.150","4.095","793.20K","1.11%"
"02.04.2003","4.050","4.090","4.150","4.050","1.94M","-0.37%"
"01.04.2003","4.065","4.050","4.080","4.050","382.20K","0.37%"
"28.03.2003","4.050","4.050","4.050","4.050","63.20K","0.50%"
"27.03.2003","4.030","4.040","4.100","4.010","577.80K","-0.62%"
"26.03.2003","4.055","4.075","4.075","4.050","243.00K","0.00%"
"25.03.2003","4.055","4.100","4.180","4.050","306.60K","-1.10%"
"24.03.2003","4.100","4.150","4.150","4.100","195.00K","-2.38%"
"20.03.2003","4.200","4.125","4.200","4.075","432.20K","1.82%"
"19.03.2003","4.125","4.175","4.195","4.095","315.60K","-1.20%"
"18.03.2003","4.175","4.180","4.250","4.175","269.60K","-1.76%"
"17.03.2003","4.250","4.250","4.255","4.100","1.00M","-0.70%"
"14.03.2003","4.280","4.100","4.300","4.050","755.80K","4.39%"
"13.03.2003","4.100","4.055","4.130","4.000","6.75M","1.49%"
"12.03.2003","4.040","3.990","4.055","3.975","634.60K","1.89%"
"11.03.2003","3.965","4.000","4.005","3.950","582.80K","-0.88%"
"10.03.2003","4.000","4.050","4.050","4.000","404.00K","-1.23%"
"07.03.2003","4.050","4.035","4.055","4.035","152.40K","0.25%"
"06.03.2003","4.040","4.000","4.050","4.000","230.00K","0.62%"
"05.03.2003","4.015","4.010","4.055","3.950","445.40K","-1.35%"
"28.02.2003","4.070","4.000","4.075","4.000","2.35M","1.75%"
"27.02.2003","4.000","3.975","4.070","3.950","609.20K","1.01%"
"26.02.2003","3.960","3.900","3.995","3.875","436.40K","1.54%"
"25.02.2003","3.900","3.950","3.955","3.855","5.68M","-2.26%"
"24.02.2003","3.990","4.050","4.050","3.950","1.14M","-1.97%"
"21.02.2003","4.070","4.000","4.075","4.000","107.20K","3.04%"
"20.02.2003","3.950","3.950","4.005","3.950","789.80K","-0.50%"
"19.02.2003","3.970","3.970","4.010","3.955","3.46M","-0.75%"
"18.02.2003","4.000","3.960","4.050","3.960","187.40K","1.01%"
"17.02.2003","3.960","4.000","4.050","3.950","244.80K","-1.00%"
"14.02.2003","4.000","4.045","4.050","3.960","375.60K","-1.11%"
"13.02.2003","4.045","3.905","4.100","3.905","647.60K","3.59%"
"12.02.2003","3.905","3.850","3.950","3.850","2.78M","1.43%"
"11.02.2003","3.850","3.920","3.920","3.850","1.08M","-1.79%"
"10.02.2003","3.920","4.000","4.000","3.900","1.14M","-2.00%"
"07.02.2003","4.000","4.015","4.020","3.975","451.60K","-0.37%"
"06.02.2003","4.015","3.930","4.020","3.850","855.40K","2.16%"
"04.02.2003","3.930","4.030","4.075","3.900","1.79M","-2.96%"
"03.02.2003","4.050","4.030","4.100","4.030","676.20K","0.00%"
"31.01.2003","4.050","4.140","4.150","4.050","579.80K","-2.17%"
"30.01.2003","4.140","4.250","4.250","4.100","317.40K","-1.90%"
"29.01.2003","4.220","4.150","4.250","4.145","881.40K","4.07%"
"28.01.2003","4.055","4.155","4.155","4.000","4.55M","-2.41%"
"27.01.2003","4.155","4.255","4.255","4.150","1.04M","-3.82%"
"24.01.2003","4.320","4.280","4.325","4.250","938.20K","1.65%"
"23.01.2003","4.250","4.230","4.300","4.230","2.56M","1.43%"
"22.01.2003","4.190","4.170","4.205","4.100","1.66M","1.09%"
"21.01.2003","4.145","4.205","4.205","4.100","1.27M","-1.66%"
"20.01.2003","4.215","4.255","4.255","4.200","3.29M","-0.94%"
"17.01.2003","4.255","4.325","4.350","4.250","1.26M","-2.18%"
"16.01.2003","4.350","4.490","4.490","4.350","2.00M","0.00%"
"15.01.2003","4.350","4.490","4.490","4.350","1.97M","-3.12%"
"14.01.2003","4.490","4.375","4.575","4.375","2.23M","1.81%"
"13.01.2003","4.410","4.545","4.600","4.400","610.40K","-3.92%"
"10.01.2003","4.590","4.600","4.600","4.525","589.20K","0.77%"
"09.01.2003","4.555","4.500","4.605","4.500","787.60K","1.67%"
"08.01.2003","4.480","4.500","4.500","4.455","1.52M","1.01%"
"07.01.2003","4.435","4.500","4.600","4.430","1.51M","-0.56%"
"06.01.2003","4.460","4.495","4.500","4.425","1.33M","-0.78%"
"03.01.2003","4.495","4.450","4.500","4.450","290.00K","2.16%"
"02.01.2003","4.400","4.350","4.500","4.350","115.80K","0.92%"
"30.12.2002","4.360","4.450","4.450","4.330","1.04M","-2.02%"
"27.12.2002","4.450","4.450","4.450","4.450","38.40K","-1.00%"
"26.12.2002","4.495","4.400","4.500","4.400","1.25M","3.57%"
"23.12.2002","4.340","4.345","4.345","4.300","502.80K","0.35%"
"20.12.2002","4.325","4.315","4.350","4.300","407.00K","0.23%"
"19.12.2002","4.315","4.250","4.315","4.250","339.60K","1.53%"
"18.12.2002","4.250","4.255","4.300","4.240","1.19M","-0.12%"
"17.12.2002","4.255","4.300","4.325","4.250","857.60K","-1.96%"
"16.12.2002","4.340","4.110","4.350","4.110","179.60K","5.47%"
"13.12.2002","4.115","4.250","4.250","4.100","690.40K","-3.97%"
"11.12.2002","4.285","4.280","4.310","4.280","611.60K","0.82%"
"10.12.2002","4.250","4.255","4.280","4.250","1.40M","-0.12%"
"09.12.2002","4.255","4.325","4.325","4.250","638.20K","-2.63%"
"06.12.2002","4.370","4.250","4.375","4.245","422.20K","2.82%"
"05.12.2002","4.250","4.240","4.325","4.225","341.40K","0.24%"
"04.12.2002","4.240","4.225","4.280","4.200","600.40K","0.12%"
"03.12.2002","4.235","4.155","4.275","4.155","529.40K","1.93%"
"02.12.2002","4.155","4.300","4.300","4.150","443.00K","-2.12%"
"29.11.2002","4.245","4.265","4.325","4.175","1.45M","-0.12%"
"28.11.2002","4.250","4.275","4.300","4.240","695.60K","0.24%"
"27.11.2002","4.240","4.200","4.325","4.200","2.10M","1.92%"
"26.11.2002","4.160","4.110","4.215","4.110","2.15M","1.34%"
"25.11.2002","4.105","4.175","4.200","4.100","1.95M","-2.84%"
"22.11.2002","4.225","4.350","4.350","4.200","688.60K","-0.94%"
"21.11.2002","4.265","4.200","4.325","4.200","799.80K","1.67%"
"19.11.2002","4.195","4.270","4.270","4.145","2.02M","-1.76%"
"18.11.2002","4.270","4.300","4.350","4.250","10.37M","-1.95%"
"14.11.2002","4.355","4.380","4.380","4.300","230.80K","1.04%"
"13.11.2002","4.310","4.305","4.370","4.250","434.20K","0.12%"
"12.11.2002","4.305","4.350","4.390","4.300","721.40K","-1.03%"
"11.11.2002","4.350","4.310","4.350","4.275","591.60K","0.93%"
"08.11.2002","4.310","4.350","4.375","4.310","762.20K","-1.49%"
"07.11.2002","4.375","4.350","4.400","4.325","1.20M","2.34%"
"05.11.2002","4.275","4.255","4.300","4.240","6.61M","0.47%"
"04.11.2002","4.255","4.450","4.450","4.250","1.50M","-2.74%"
"01.11.2002","4.375","4.300","4.405","4.300","5.57M","1.74%"
"31.10.2002","4.300","4.375","4.400","4.200","7.97M","-1.15%"
"30.10.2002","4.350","4.325","4.405","4.325","5.27M","1.99%"
"29.10.2002","4.265","4.300","4.300","4.225","1.63M","-0.81%"
"28.10.2002","4.300","4.360","4.360","4.300","4.87M","-1.38%"
"25.10.2002","4.360","4.395","4.395","4.350","337.60K","-0.80%"
"24.10.2002","4.395","4.450","4.450","4.395","5.80M","-1.12%"
"23.10.2002","4.445","4.500","4.500","4.445","757.00K","-1.22%"
"22.10.2002","4.500","4.500","4.550","4.450","2.11M","0.00%"
"21.10.2002","4.500","4.645","4.650","4.500","608.60K","-3.23%"
"18.10.2002","4.650","4.495","4.700","4.495","53.40K","4.26%"
"17.10.2002","4.460","4.515","4.515","4.450","1.01M","-0.78%"
"16.10.2002","4.495","4.485","4.495","4.450","323.60K","0.22%"
"15.10.2002","4.485","4.405","4.500","4.405","2.01M","5.90%"
"11.10.2002","4.235","4.250","4.250","4.200","427.40K","0.95%"
"10.10.2002","4.195","4.200","4.260","4.195","137.60K","-0.12%"
"09.10.2002","4.200","4.255","4.275","4.200","575.60K","-1.29%"
"08.10.2002","4.255","4.225","4.350","4.225","217.20K","1.31%"
"07.10.2002","4.200","4.220","4.220","4.200","317.80K","-0.47%"
"04.10.2002","4.220","4.200","4.250","4.150","724.60K","0.48%"
"03.10.2002","4.200","4.200","4.300","4.200","907.60K","0.00%"
"02.10.2002","4.200","4.300","4.400","4.200","1.81M","-2.44%"
"01.10.2002","4.305","4.050","4.325","4.050","474.00K","6.30%"
"30.09.2002","4.050","4.090","4.100","4.000","344.20K","-1.22%"
"27.09.2002","4.100","4.200","4.200","4.050","1.88M","-2.38%"
"26.09.2002","4.200","4.255","4.280","4.200","3.22M","0.00%"
"25.09.2002","4.200","4.005","4.225","4.005","2.44M","4.87%"
"24.09.2002","4.005","3.875","4.050","3.850","3.40M","1.65%"
"23.09.2002","3.940","3.900","3.950","3.900","2.15M","-1.38%"
"20.09.2002","3.995","3.960","4.015","3.895","1.97M","1.14%"
"19.09.2002","3.950","4.155","4.165","3.950","3.53M","-6.62%"
"18.09.2002","4.230","4.450","4.450","4.225","2.09M","-4.94%"
"17.09.2002","4.450","4.455","4.455","4.450","898.60K","-0.11%"
"13.09.2002","4.455","4.475","4.500","4.450","3.33M","-1.00%"
"12.09.2002","4.500","4.500","4.520","4.500","438.20K","-1.10%"
"11.09.2002","4.550","4.590","4.610","4.550","681.00K","-0.55%"
"10.09.2002","4.575","4.650","4.650","4.575","3.35M","-0.22%"
"09.09.2002","4.585","4.560","4.650","4.560","707.40K","0.66%"
"06.09.2002","4.555","4.575","4.575","4.550","1.09M","-0.44%"
"05.09.2002","4.575","4.635","4.635","4.550","1.14M","-2.14%"
"04.09.2002","4.675","4.600","4.675","4.560","722.80K","0.32%"
"03.09.2002","4.660","4.600","4.700","4.555","902.20K","-0.85%"
"02.09.2002","4.700","4.700","4.700","4.700","33.40K","-1.57%"
"30.08.2002","4.775","4.600","4.775","4.600","792.20K","4.03%"
"29.08.2002","4.590","4.500","4.600","4.475","663.60K","2.00%"
"28.08.2002","4.500","4.450","4.500","4.400","369.80K","0.00%"
"27.08.2002","4.500","4.600","4.660","4.500","959.80K","-2.17%"
"26.08.2002","4.600","4.500","4.605","4.500","1.59M","2.22%"
"23.08.2002","4.500","4.550","4.550","4.450","2.15M","-2.28%"
"22.08.2002","4.605","4.600","4.640","4.600","1.58M","0.99%"
"21.08.2002","4.560","4.500","4.575","4.425","2.30M","6.05%"
"20.08.2002","4.300","4.350","4.350","4.295","1.27M","-1.38%"
"19.08.2002","4.360","4.355","4.420","4.335","2.06M","0.58%"
"16.08.2002","4.335","4.395","4.425","4.300","1.61M","-1.37%"
"15.08.2002","4.395","4.400","4.550","4.350","1.35M","0.00%"
"14.08.2002","4.395","4.255","4.400","4.255","1.44M","3.29%"
"13.08.2002","4.255","4.355","4.355","4.250","1.74M","-2.18%"
"12.08.2002","4.350","4.425","4.500","4.350","1.28M","-1.69%"
"09.08.2002","4.425","4.450","4.500","4.400","2.97M","-1.67%"
"08.08.2002","4.500","4.300","4.550","4.300","1.98M","4.53%"
"07.08.2002","4.305","4.255","4.400","4.250","1.65M","1.18%"
"06.08.2002","4.255","4.175","4.290","4.175","2.25M","3.15%"
"05.08.2002","4.125","4.125","4.125","4.100","448.20K","-2.37%"
"02.08.2002","4.225","4.275","4.275","4.090","2.25M","-0.59%"
"01.08.2002","4.250","4.300","4.300","4.250","855.00K","-1.28%"
"31.07.2002","4.305","4.250","4.390","4.250","4.00M","0.00%"
"30.07.2002","4.305","4.305","4.340","4.225","972.00K","0.00%"
"29.07.2002","4.305","4.250","4.325","4.250","14.66M","0.35%"
"26.07.2002","4.290","4.050","4.300","4.050","10.17M","6.58%"
"25.07.2002","4.025","4.175","4.180","3.925","5.20M","-3.71%"
"24.07.2002","4.180","4.150","4.250","4.150","1.96M","-1.65%"
"23.07.2002","4.250","4.400","4.425","4.200","928.60K","-2.63%"
"22.07.2002","4.365","4.545","4.545","4.250","1.03M","-3.96%"
"19.07.2002","4.545","4.600","4.600","4.450","758.40K","-2.36%"
"18.07.2002","4.655","4.625","4.800","4.625","2.21M","0.65%"
"17.07.2002","4.625","4.150","4.750","4.150","1.70M","11.58%"
"16.07.2002","4.145","4.100","4.175","4.100","1.35M","1.10%"
"15.07.2002","4.100","4.200","4.200","4.050","4.26M","-2.38%"
"12.07.2002","4.200","4.155","4.200","4.000","24.75M","1.20%"
"11.07.2002","4.150","4.250","4.250","4.150","1.25M","-2.35%"
"10.07.2002","4.250","4.300","4.300","4.200","437.60K","-2.52%"
"08.07.2002","4.360","4.360","4.400","4.300","1.10M","0.00%"
"05.07.2002","4.360","4.325","4.450","4.325","928.00K","2.59%"
"04.07.2002","4.250","4.300","4.300","4.250","438.80K","-1.39%"
"03.07.2002","4.310","4.345","4.345","4.250","839.60K","-0.81%"
"02.07.2002","4.345","4.375","4.375","4.340","870.00K","-1.14%"
"01.07.2002","4.395","4.525","4.525","4.395","608.40K","-2.87%"
"28.06.2002","4.525","4.375","4.550","4.320","2.52M","3.43%"
"27.06.2002","4.375","4.350","4.400","4.295","1.11M","2.22%"
"26.06.2002","4.280","4.300","4.300","4.220","1.51M","-2.39%"
"25.06.2002","4.385","4.350","4.425","4.350","640.00K","1.86%"
"24.06.2002","4.305","4.400","4.450","4.280","1.03M","-4.33%"
"21.06.2002","4.500","4.500","4.500","4.450","2.69M","-1.64%"
"20.06.2002","4.575","4.625","4.650","4.550","7.77M","-1.29%"
"19.06.2002","4.635","4.800","4.800","4.625","1.22M","-4.43%"
"18.06.2002","4.850","4.800","4.850","4.800","206.40K","1.15%"
"17.06.2002","4.795","4.685","4.805","4.675","439.40K","2.57%"
"14.06.2002","4.675","4.600","4.675","4.575","3.47M","0.00%"
"13.06.2002","4.675","4.685","4.685","4.650","1.14M","-0.21%"
"12.06.2002","4.685","4.750","4.755","4.650","1.53M","-1.37%"
"11.06.2002","4.750","4.975","4.990","4.750","1.43M","-2.06%"
"10.06.2002","4.850","5.000","5.030","4.850","935.80K","-1.62%"
"07.06.2002","4.930","4.975","5.075","4.900","1.19M","-1.30%"
"06.06.2002","4.995","5.100","5.100","4.950","2.23M","-3.66%"
"05.06.2002","5.185","5.075","5.200","5.075","614.60K","2.17%"
"04.06.2002","5.075","5.050","5.100","4.960","1.26M","0.10%"
"03.06.2002","5.070","5.195","5.195","5.025","422.40K","-2.41%"
"31.05.2002","5.195","5.265","5.265","5.175","461.40K","-0.19%"
"29.05.2002","5.205","5.260","5.300","5.205","1.99M","-2.25%"
"28.05.2002","5.325","5.420","5.420","5.250","4.55M","-1.84%"
"27.05.2002","5.425","5.425","5.430","5.400","189.40K","-0.09%"
"24.05.2002","5.430","5.485","5.485","5.425","97.80K","-1.27%"
"23.05.2002","5.500","5.575","5.575","5.455","594.80K","-1.35%"
"22.05.2002","5.575","5.455","5.650","5.450","603.60K","0.00%"
"21.05.2002","5.575","5.450","5.575","5.450","750.20K","1.73%"
"20.05.2002","5.480","5.500","5.500","5.400","687.20K","-0.36%"
"17.05.2002","5.500","5.740","5.740","5.475","1.43M","-3.85%"
"16.05.2002","5.720","5.745","5.750","5.500","2.57M","-0.61%"
"15.05.2002","5.755","5.700","5.790","5.700","326.20K","1.05%"
"14.05.2002","5.695","5.550","5.700","5.550","760.40K","4.88%"
"13.05.2002","5.430","5.475","5.525","5.400","345.00K","-0.82%"
"10.05.2002","5.475","5.510","5.510","5.400","1.20M","-0.64%"
"09.05.2002","5.510","5.620","5.620","5.500","1.50M","-2.56%"
"08.05.2002","5.655","5.620","5.810","5.450","6.58M","0.53%"
"07.05.2002","5.625","5.650","5.650","5.450","645.00K","-0.71%"
"06.05.2002","5.665","5.750","5.805","5.650","4.09M","-1.99%"
"03.05.2002","5.780","5.825","5.825","5.650","6.32M","-0.94%"
"02.05.2002","5.835","5.815","5.855","5.810","4.34M","0.43%"
"30.04.2002","5.810","5.865","5.865","5.750","555.00K","-0.68%"
"29.04.2002","5.850","6.005","6.100","5.800","5.57M","-2.26%"
"26.04.2002","5.985","5.910","6.000","5.900","2.56M","1.27%"
"25.04.2002","5.910","5.995","5.995","5.850","516.20K","-1.42%"
"24.04.2002","5.995","5.900","6.000","5.900","942.40K","1.70%"
"23.04.2002","5.895","5.850","5.895","5.850","7.51M","0.17%"
"22.04.2002","5.885","6.020","6.020","5.875","14.22M","-2.73%"
"19.04.2002","6.050","6.000","6.050","5.995","3.93M","0.92%"
"18.04.2002","5.995","6.025","6.025","5.945","961.60K","-0.08%"
"17.04.2002","6.000","6.000","6.050","5.950","1.85M","0.00%"
"16.04.2002","6.000","5.930","6.000","5.930","1.56M","1.69%"
"15.04.2002","5.900","5.900","5.925","5.900","445.80K","-0.67%"
"12.04.2002","5.940","5.950","5.960","5.930","1.35M","0.51%"
"11.04.2002","5.910","6.000","6.100","5.900","1.50M","-1.34%"
"10.04.2002","5.990","5.915","6.000","5.915","2.52M","1.27%"
"09.04.2002","5.915","5.760","5.960","5.760","3.23M","2.69%"
"08.04.2002","5.760","5.900","5.900","5.735","586.60K","-2.70%"
"05.04.2002","5.920","5.900","5.960","5.855","1.75M","0.34%"
"04.04.2002","5.900","5.950","6.045","5.900","8.30M","-1.67%"
"03.04.2002","6.000","5.975","6.050","5.975","2.51M","-2.83%"
"01.04.2002","6.175","6.220","6.220","6.165","273.80K","-0.72%"
"27.03.2002","6.220","5.985","6.220","5.985","2.20M","3.75%"
"26.03.2002","5.995","6.050","6.050","5.945","1.84M","-0.91%"
"25.03.2002","6.050","5.975","6.050","5.950","1.62M","0.75%"
"22.03.2002","6.005","6.020","6.070","6.000","1.27M","0.17%"
"20.03.2002","5.995","6.015","6.015","5.990","1.40M","-0.33%"
"19.03.2002","6.015","6.030","6.125","6.000","2.10M","-0.25%"
"18.03.2002","6.030","6.040","6.100","6.010","1.31M","2.20%"
"15.03.2002","5.900","5.975","6.050","5.900","1.47M","-1.42%"
"14.03.2002","5.985","6.050","6.050","5.910","2.50M","-1.16%"
"13.03.2002","6.055","5.980","6.095","5.980","5.74M","1.25%"
"12.03.2002","5.980","5.950","5.980","5.950","6.64M","0.17%"
"11.03.2002","5.970","5.950","5.975","5.950","5.86M","0.00%"
"08.03.2002","5.970","5.980","6.000","5.930","5.06M","1.10%"
"07.03.2002","5.905","5.900","5.995","5.900","3.49M","0.08%"
"06.03.2002","5.900","5.875","6.000","5.870","5.22M","1.72%"
"05.03.2002","5.800","5.750","5.900","5.700","5.39M","1.40%"
"04.03.2002","5.720","5.750","5.750","5.675","2.59M","1.33%"
"01.03.2002","5.645","5.600","5.650","5.500","1.78M","2.64%"
"28.02.2002","5.500","5.650","5.700","5.495","2.31M","-2.48%"
"27.02.2002","5.640","5.700","5.700","5.600","1.92M","0.71%"
"26.02.2002","5.600","5.575","5.700","5.575","1.21M","0.45%"
"25.02.2002","5.575","5.450","5.575","5.450","265.60K","1.92%"
"22.02.2002","5.470","5.500","5.500","5.400","1.15M","0.00%"
"21.02.2002","5.470","5.640","5.640","5.400","1.94M","-3.61%"
"20.02.2002","5.675","5.520","5.700","5.480","6.50M","2.81%"
"19.02.2002","5.520","5.595","5.595","5.400","4.32M","-1.34%"
"18.02.2002","5.595","5.625","5.625","5.595","218.00K","0.00%"
"15.02.2002","5.595","5.600","5.695","5.595","2.46M","0.00%"
"14.02.2002","5.595","5.700","5.700","5.550","1.51M","0.63%"
"13.02.2002","5.560","5.650","5.650","5.550","605.20K","-3.22%"
"08.02.2002","5.745","5.995","6.000","5.700","621.40K","-4.25%"
"07.02.2002","6.000","5.900","6.050","5.895","1.49M","0.59%"
"06.02.2002","5.965","5.900","6.000","5.820","773.00K","0.42%"
"04.02.2002","5.940","5.930","6.000","5.900","2.27M","0.17%"
"01.02.2002","5.930","5.875","6.100","5.850","4.98M","1.11%"
"31.01.2002","5.865","5.625","5.875","5.625","882.00K","4.73%"
"30.01.2002","5.600","5.620","5.700","5.575","1.82M","-0.36%"
"29.01.2002","5.620","5.700","5.700","5.600","1.48M","-2.18%"
"28.01.2002","5.745","5.750","5.800","5.500","1.70M","8.81%"
"24.01.2002","5.280","5.315","5.400","5.255","3.34M","0.19%"
"23.01.2002","5.270","5.000","5.300","5.000","1.90M","5.40%"
"22.01.2002","5.000","4.950","5.100","4.950","1.50M","-0.20%"
"21.01.2002","5.010","5.000","5.010","4.950","703.20K","1.21%"
"18.01.2002","4.950","5.065","5.065","4.950","284.80K","-2.17%"
"17.01.2002","5.060","5.000","5.060","5.000","726.00K","0.80%"
"16.01.2002","5.020","5.125","5.125","5.020","189.40K","-2.05%"
"15.01.2002","5.125","4.900","5.165","4.900","2.17M","5.13%"
"14.01.2002","4.875","4.875","4.880","4.850","256.80K","-0.10%"
"11.01.2002","4.880","5.055","5.065","4.875","1.06M","-3.46%"
"10.01.2002","5.055","5.200","5.200","5.005","384.40K","-2.79%"
"09.01.2002","5.200","5.420","5.420","5.200","1.21M","-4.06%"
"08.01.2002","5.420","5.450","5.450","5.350","1.08M","-0.55%"
"07.01.2002","5.450","5.520","5.520","5.450","367.60K","-1.27%"
"04.01.2002","5.520","5.625","5.675","5.520","873.00K","-0.63%"
"03.01.2002","5.555","5.500","5.555","5.500","647.40K","0.00%"
"02.01.2002","5.555","5.000","5.575","5.000","1.04M","1.00%"
"28.12.2001","5.500","5.500","5.525","5.450","4.70M","1.57%"
"27.12.2001","5.415","5.300","5.500","5.300","3.17M","2.17%"
"26.12.2001","5.300","5.250","5.350","5.250","964.60K","0.95%"
"21.12.2001","5.250","5.205","5.300","5.200","2.67M","2.54%"
"20.12.2001","5.120","5.130","5.130","5.100","596.20K","0.39%"
"19.12.2001","5.100","5.200","5.200","5.000","3.36M","-2.02%"
"18.12.2001","5.205","5.500","5.500","5.200","807.20K","-4.76%"
"17.12.2001","5.465","5.300","5.500","5.300","1.34M","2.15%"
"14.12.2001","5.350","5.270","5.355","5.270","648.40K","1.90%"
"13.12.2001","5.250","5.210","5.350","5.195","2.26M","0.19%"
"11.12.2001","5.240","5.200","5.250","5.100","1.33M","2.24%"
"10.12.2001","5.125","5.100","5.150","5.100","1.26M","0.49%"
"07.12.2001","5.100","4.950","5.155","4.950","1.53M","3.03%"
"06.12.2001","4.950","4.950","5.200","4.945","6.15M","0.51%"
"05.12.2001","4.925","4.750","4.950","4.750","4.38M","4.79%"
"04.12.2001","4.700","4.650","4.700","4.575","1.31M","2.17%"
"03.12.2001","4.600","4.575","4.625","4.575","732.20K","-0.54%"
"30.11.2001","4.625","4.650","4.680","4.575","624.60K","-0.54%"
"29.11.2001","4.650","4.640","4.650","4.600","1.57M","2.20%"
"28.11.2001","4.550","4.550","4.575","4.500","3.87M","-0.66%"
"27.11.2001","4.580","4.550","4.600","4.525","770.80K","1.22%"
"26.11.2001","4.525","4.630","4.630","4.525","2.02M","-2.27%"
"23.11.2001","4.630","4.630","4.650","4.625","204.40K","0.00%"
"22.11.2001","4.630","4.670","4.700","4.630","378.00K","-0.96%"
"21.11.2001","4.675","4.650","4.700","4.550","547.00K","3.13%"
"19.11.2001","4.533","4.533","4.533","4.525","393.60K","0.00%"
"16.11.2001","4.533","4.633","4.633","4.533","1.19M","-0.98%"
"14.11.2001","4.578","4.517","4.600","4.500","973.80K","1.69%"
"13.11.2001","4.502","4.167","4.503","4.167","5.05M","8.48%"
"12.11.2001","4.150","4.103","4.150","4.083","5.04M","0.78%"
"09.11.2001","4.118","3.933","4.118","3.933","2.70M","4.70%"
"08.11.2001","3.933","3.833","3.933","3.833","261.60K","2.61%"
"07.11.2001","3.833","3.850","3.852","3.833","2.11M","-0.88%"
"05.11.2001","3.867","3.867","3.868","3.867","864.00K","0.83%"
"01.11.2001","3.835","3.835","3.835","3.800","8.34M","0.05%"
"31.10.2001","3.833","3.867","3.867","3.833","4.76M","-0.88%"
"30.10.2001","3.867","3.967","3.967","3.833","6.56M","-2.55%"
"29.10.2001","3.968","3.998","3.998","3.883","377.40K","-0.60%"
"26.10.2001","3.992","4.017","4.017","3.992","637.80K","-0.13%"
"25.10.2001","3.997","3.895","4.000","3.895","300.60K","2.62%"
"24.10.2001","3.895","3.850","3.917","3.817","5.94M","1.64%"
"23.10.2001","3.832","3.783","3.833","3.783","6.29M","1.73%"
"22.10.2001","3.767","3.800","3.800","3.767","1.97M","-1.77%"
"19.10.2001","3.835","3.933","3.933","3.817","7.51M","-3.47%"
"18.10.2001","3.973","3.967","4.000","3.967","1.86M","-0.67%"
"17.10.2001","4.000","4.083","4.083","4.000","841.20K","-2.03%"
"16.10.2001","4.083","4.225","4.225","4.082","1.82M","-3.36%"
"15.10.2001","4.225","4.383","4.383","4.217","1.05M","-4.69%"
"11.10.2001","4.433","4.500","4.583","4.433","2.95M","3.09%"
"10.10.2001","4.300","4.297","4.300","4.297","711.00K","0.07%"
"09.10.2001","4.297","4.333","4.333","4.250","919.80K","-0.19%"
"08.10.2001","4.305","4.423","4.450","4.300","518.40K","-2.67%"
"05.10.2001","4.423","4.417","4.452","4.383","3.44M","-0.09%"
"04.10.2001","4.427","4.333","4.583","4.333","5.29M","4.16%"
"03.10.2001","4.250","4.367","4.367","4.250","1.01M","-3.23%"
"02.10.2001","4.392","4.402","4.403","4.388","1.49M","-0.23%"
"01.10.2001","4.402","4.400","4.402","4.333","265.80K","0.05%"
"28.09.2001","4.400","4.167","4.450","4.115","3.88M","5.59%"
"27.09.2001","4.167","4.292","4.292","4.167","1.02M","-3.32%"
"26.09.2001","4.310","4.333","4.333","4.283","1.07M","-0.51%"
"25.09.2001","4.332","4.448","4.448","4.332","336.60K","-3.37%"
"24.09.2001","4.483","4.417","4.668","4.417","783.00K","1.70%"
"21.09.2001","4.408","4.467","4.468","4.408","2.85M","-3.82%"
"20.09.2001","4.583","4.817","4.817","4.583","809.40K","-5.17%"
"19.09.2001","4.833","5.083","5.083","4.833","1.61M","-5.83%"
"18.09.2001","5.132","5.167","5.167","5.115","67.80K","-1.21%"
"17.09.2001","5.195","5.467","5.467","5.167","1.76M","-4.82%"
"11.09.2001","5.458","5.458","5.458","5.458","","0.00%"
"10.09.2001","5.458","5.433","5.460","5.433","318.00K","-2.15%"
"06.09.2001","5.578","5.767","5.767","5.500","3.12M","-4.37%"
"05.09.2001","5.833","5.833","5.833","5.783","245.40K","0.00%"
"04.09.2001","5.833","5.883","5.883","5.833","842.40K","-0.85%"
"03.09.2001","5.883","5.900","5.900","5.883","315.60K","-0.74%"
"31.08.2001","5.927","5.917","5.933","5.917","1.81M","0.17%"
"30.08.2001","5.917","5.917","5.917","5.867","1.13M","0.58%"
"29.08.2001","5.883","5.867","5.883","5.867","296.40K","0.48%"
"28.08.2001","5.855","5.882","5.882","5.833","1.59M","-0.46%"
"27.08.2001","5.882","5.883","5.885","5.867","310.80K","0.26%"
"24.08.2001","5.867","5.817","5.875","5.817","1.18M","1.16%"
"23.08.2001","5.800","5.835","5.835","5.800","981.60K","-0.65%"
"22.08.2001","5.838","5.908","5.917","5.833","1.80M","-1.13%"
"21.08.2001","5.905","5.917","6.017","5.883","2.49M","1.23%"
"17.08.2001","5.833","6.000","6.000","5.832","3.66M","-4.61%"
"16.08.2001","6.115","6.083","6.167","6.082","424.80K","-0.29%"
"15.08.2001","6.133","6.250","6.250","6.133","2.38M","-2.65%"
"14.08.2001","6.300","6.333","6.333","6.300","3.03M","-1.02%"
"13.08.2001","6.365","6.300","6.367","6.300","2.59M","0.47%"
"10.08.2001","6.335","6.335","6.342","6.335","344.40K","0.00%"
"09.08.2001","6.335","6.415","6.415","6.333","276.00K","-1.25%"
"08.08.2001","6.415","6.498","6.500","6.367","1.60M","-1.31%"
"07.08.2001","6.500","6.533","6.533","6.500","7.43M","-0.51%"
"06.08.2001","6.533","6.608","6.617","6.532","1.12M","-1.43%"
"03.08.2001","6.628","6.583","6.633","6.583","2.07M","0.05%"
"02.08.2001","6.625","6.435","6.625","6.435","8.50M","3.24%"
"01.08.2001","6.417","6.305","6.417","6.305","2.92M","1.78%"
"31.07.2001","6.305","6.292","6.333","6.282","1.57M","0.21%"
"30.07.2001","6.292","6.250","6.300","6.250","1.82M","0.54%"
"27.07.2001","6.258","6.233","6.258","6.232","1.51M","0.29%"
"26.07.2001","6.240","6.200","6.250","6.200","649.20K","0.11%"
"25.07.2001","6.233","6.233","6.233","6.232","737.40K","0.02%"
"24.07.2001","6.232","6.267","6.267","6.230","2.61M","-0.56%"
"23.07.2001","6.267","6.267","6.267","6.267","","0.00%"
"20.07.2001","6.267","6.267","6.275","6.267","388.80K","-0.13%"
"19.07.2001","6.275","6.267","6.275","6.267","1.11M","0.35%"
"18.07.2001","6.253","6.252","6.253","6.250","705.00K","0.10%"
"17.07.2001","6.247","6.233","6.333","6.233","1.25M","0.00%"
"16.07.2001","6.247","6.248","6.250","6.217","69.60K","-0.05%"
"13.07.2001","6.250","6.333","6.333","6.167","1.87M","-1.31%"
"12.07.2001","6.333","6.435","6.435","6.300","1.02M","-1.59%"
"11.07.2001","6.435","6.520","6.520","6.400","304.20K","-1.30%"
"10.07.2001","6.520","6.520","6.520","6.520","18.00K","-0.73%"
"06.07.2001","6.568","6.600","6.600","6.568","429.60K","-1.48%"
"05.07.2001","6.667","6.635","6.667","6.633","3.20M","0.03%"
"04.07.2001","6.665","6.597","6.667","6.597","778.20K","1.03%"
"03.07.2001","6.597","6.618","6.618","6.550","657.00K","-0.30%"
"02.07.2001","6.617","6.475","6.618","6.475","1.07M","2.19%"
"29.06.2001","6.475","6.550","6.567","6.467","785.40K","-0.57%"
"28.06.2001","6.512","6.397","6.535","6.397","2.19M","1.80%"
"27.06.2001","6.397","6.418","6.418","6.397","1.26M","-0.33%"
"26.06.2001","6.418","6.240","6.458","6.240","1.22M","2.85%"
"25.06.2001","6.240","6.235","6.243","6.235","312.60K","0.00%"
"22.06.2001","6.240","6.292","6.333","6.233","1.51M","-0.13%"
"21.06.2001","6.248","6.170","6.252","6.167","1.08M","1.26%"
"20.06.2001","6.170","6.390","6.390","6.167","710.40K","-3.44%"
"19.06.2001","6.390","6.667","6.667","6.367","2.35M","-4.15%"
"15.06.2001","6.667","6.500","6.667","6.500","1.15M","1.28%"
"13.06.2001","6.583","6.583","6.583","6.525","294.00K","0.89%"
"12.06.2001","6.525","6.418","6.667","6.418","85.80K","1.16%"
"11.06.2001","6.450","6.450","6.450","6.450","21.00K","0.23%"
"08.06.2001","6.435","6.430","6.435","6.408","2.58M","0.08%"
"07.06.2001","6.430","6.467","6.500","6.417","1.13M","-0.57%"
"06.06.2001","6.467","6.332","6.500","6.332","1.92M","2.13%"
"05.06.2001","6.332","6.175","6.333","6.175","738.00K","2.59%"
"04.06.2001","6.172","6.157","6.175","6.157","225.00K","-0.05%"
"01.06.2001","6.175","6.167","6.217","6.167","1.71M","0.13%"
"31.05.2001","6.167","6.167","6.167","6.133","660.00K","0.00%"
"30.05.2001","6.167","6.167","6.183","6.167","2.18M","0.00%"
"29.05.2001","6.167","6.167","6.168","6.167","1.75M","-0.58%"
"28.05.2001","6.203","6.133","6.217","6.133","865.20K","1.14%"
"24.05.2001","6.133","6.000","6.190","5.983","5.12M","1.07%"
"23.05.2001","6.068","5.915","6.083","5.915","794.40K","2.55%"
"22.05.2001","5.917","5.750","5.917","5.750","10.14M","3.84%"
"21.05.2001","5.698","5.500","5.708","5.500","17.71M","3.45%"
"18.05.2001","5.508","5.583","5.617","5.508","2.01M","2.06%"
"17.05.2001","5.397","5.150","5.433","5.150","5.19M","8.00%"
"16.05.2001","4.997","5.000","5.000","4.833","1.06M","-0.10%"
"15.05.2001","5.002","5.058","5.067","5.000","393.60K","-1.11%"
"14.05.2001","5.058","5.083","5.085","5.058","753.00K","-0.53%"
"11.05.2001","5.085","5.083","5.167","5.083","170.40K","-0.94%"
"10.05.2001","5.133","5.083","5.200","5.083","2.98M","0.98%"
"09.05.2001","5.083","5.133","5.133","5.083","1.52M","-1.63%"
"08.05.2001","5.167","5.200","5.200","5.163","681.60K","-0.83%"
"07.05.2001","5.210","5.333","5.333","5.167","296.40K","-2.31%"
"04.05.2001","5.333","5.250","5.442","5.250","715.80K","1.58%"
"03.05.2001","5.250","5.087","5.250","5.083","786.60K","3.20%"
"02.05.2001","5.087","4.958","5.167","4.708","11.68M","2.60%"
"30.04.2001","4.958","5.167","5.167","4.942","144.60K","-4.04%"
"27.04.2001","5.167","5.083","5.167","4.948","2.69M","1.87%"
"26.04.2001","5.072","5.167","5.168","5.067","3.29M","-1.51%"
"25.04.2001","5.150","5.333","5.333","5.150","1.22M","-3.43%"
"24.04.2001","5.333","5.448","5.448","5.333","68.40K","-2.11%"
"23.04.2001","5.448","5.533","5.533","5.417","84.60K","-2.28%"
"20.04.2001","5.575","5.583","5.583","5.575","213.00K","-0.14%"
"19.04.2001","5.583","5.642","5.667","5.583","441.60K","-1.48%"
"18.04.2001","5.667","5.583","5.667","5.583","534.60K","1.50%"
"17.04.2001","5.583","5.650","5.667","5.583","3.47M","0.00%"
"16.04.2001","5.583","5.567","5.583","5.567","619.20K","0.00%"
"11.04.2001","5.583","5.595","5.667","5.583","436.80K","-0.21%"
"10.04.2001","5.595","5.325","5.667","5.325","1.14M","5.07%"
"09.04.2001","5.325","5.333","5.350","5.325","274.20K","-0.15%"
"06.04.2001","5.333","5.417","5.418","5.333","2.96M","-2.74%"
"05.04.2001","5.483","5.483","5.483","5.482","51.00K","2.81%"
"04.04.2001","5.333","5.333","5.333","5.333","745.80K","0.00%"
"03.04.2001","5.333","5.500","5.500","5.333","623.40K","-3.04%"
"02.04.2001","5.500","5.500","5.500","5.500","300.00K","0.60%"
"30.03.2001","5.467","5.370","5.468","5.367","324.60K","0.92%"
"29.03.2001","5.417","5.500","5.500","5.417","467.40K","-1.51%"
"28.03.2001","5.500","5.500","5.500","5.417","152.40K","1.80%"
"27.03.2001","5.403","5.272","5.417","5.272","405.60K","2.78%"
"26.03.2001","5.257","5.217","5.257","5.217","172.20K","1.74%"
"23.03.2001","5.167","5.167","5.167","5.167","24.00K","3.30%"
"22.03.2001","5.002","5.000","5.003","4.967","606.60K","-2.25%"
"20.03.2001","5.117","5.167","5.200","5.117","552.00K","0.00%"
"19.03.2001","5.117","5.035","5.742","5.033","588.60K","0.97%"
"16.03.2001","5.068","5.025","5.068","5.025","1.11M","0.46%"
"15.03.2001","5.045","5.168","5.168","5.000","1.09M","-2.38%"
"14.03.2001","5.168","5.250","5.250","5.167","2.12M","-3.04%"
"13.03.2001","5.330","5.333","5.350","5.250","2.19M","-0.06%"
"12.03.2001","5.333","5.500","5.500","5.333","670.20K","-4.48%"
"09.03.2001","5.583","5.750","5.750","5.583","461.40K","-2.90%"
"08.03.2001","5.750","5.825","5.825","5.748","2.33M","-0.73%"
"07.03.2001","5.792","5.750","5.817","5.750","2.20M","1.76%"
"06.03.2001","5.692","5.700","5.750","5.692","972.60K","0.25%"
"05.03.2001","5.678","5.617","5.700","5.617","237.60K","1.09%"
"02.03.2001","5.617","5.667","5.667","5.617","2.71M","-2.31%"
"01.03.2001","5.750","5.773","5.773","5.745","694.20K","-0.40%"
"28.02.2001","5.773","5.817","5.868","5.750","607.80K","-1.60%"
"23.02.2001","5.867","5.767","5.867","5.767","174.60K","0.00%"
"22.02.2001","5.867","5.885","5.885","5.800","1.57M","-0.98%"
"21.02.2001","5.925","6.083","6.083","5.900","772.80K","-3.92%"
"20.02.2001","6.167","6.168","6.168","6.167","168.00K","0.55%"
"19.02.2001","6.133","6.117","6.167","6.117","54.00K","-0.55%"
"16.02.2001","6.167","6.083","6.167","6.083","557.40K","0.82%"
"15.02.2001","6.117","6.300","6.300","6.117","706.20K","-1.89%"
"14.02.2001","6.235","6.167","6.243","6.167","214.20K","1.10%"
"13.02.2001","6.167","6.050","6.175","6.050","2.55M","1.38%"
"12.02.2001","6.083","5.883","6.133","5.883","1.03M","3.40%"
"09.02.2001","5.883","5.837","5.883","5.800","3.97M","0.79%"
"08.02.2001","5.837","5.985","5.985","5.817","2.33M","-2.42%"
"07.02.2001","5.982","6.167","6.167","5.982","1.95M","-3.00%"